-2.219223989516442 -1.9771480948930795
-2.1425563936066734 -2.4809202873502025
-1.8154806641695438 0.8536779822633134
-2.2727895571544554 -1.6430217087388188
-2.3768774398958987 0.5838871614409977
-1.7710781297190619 2.435129455691056
-2.178673502770037 2.15794593604934
-1.594933840444804 -1.8483455695961928
-2.3787902390554736 1.5985247894194756
-2.3036480086451387 0.8069537351785145
-2.3146871439188317 -2.6680876598970964
-2.25222714292359 0.3888658281698669
-2.1117267915857565 -1.6453127952650335
-1.8348718171341611 -1.566594199191623
-1.6916270187819074 -2.7489383655009414
-1.7925592763952034 -2.812300257760606
-2.101077936237481 -2.7113247163928915
-2.342476918949287 1.0032509648771153
-1.5758303022905067 0.7633310909893176
-2.3664345812307346 -0.7978438301346504
-2.475565240373114 2.3214715775809998
-1.8924180672934723 -0.6256370734851981
-2.2932875373355555 2.435264281548333
-2.3179770648226503 -2.5646480027741156
-1.5801346361313364 -2.51997492733185
-2.0254812841746106 -1.5657637090114511
-2.3887563269710848 -0.6031638682416403
-1.7956683364654662 -0.2703900943660058
-1.5792228837290425 -2.5375282046325456
-2.3061307764114702 -2.6684280883099065
-1.8841569749641112 -0.5417914332569986
-1.8419747782353597 2.9821137888650737
-2.403251526985155 -2.069931905919457
-2.1437370739008426 -2.900851902494142
-2.2511003900454893 2.4780131938232395
-2.4439990199072548 -1.5936054842105614
-2.3425102063352887 0.25316164786249695
-2.401661001997568 2.9208023953749125
-2.4106890153211196 2.7899261864789104
-2.2341090367119323 -1.8974178455713282
-2.0326956151604225 -0.3459222037645895
-2.4026316820856906 2.333221785519224
-2.214318745914593 2.0864025512738467
-1.6602345955246007 -0.4005807840154989
-1.9979676313519281 -2.015133793598266
-1.9815611902178514 -2.081667475046321
-2.3923620702638475 2.444930670131357
-1.9752682417153884 -1.787046258751497
-1.8700882207201062 0.42777675644702384
-2.346174975093149 -1.56801372105664
1.3755346637670687 0.33803629986858874
1.1309221438991757 -2.2683575324054632
1.0165656216907637 -0.7302623988288981
1.1009906741633788 -1.0233301875052252
0.6927920360983938 -2.3338252836394546
1.4850074195018061 -2.16765038689406
1.3418239199818487 -0.01642223437132939
0.9355545804674377 0.4616024146165443
1.392039849482682 0.23707669074383764
1.1508276051949675 1.6148139187138915
1.1438354211036743 1.2523725996844293
0.8402284786703688 -2.438144413429149
0.7218572161127725 0.25546465103634897
1.1564198905622143 -1.1292369310181423
0.7282209326062777 1.674151615617772
1.4246614691200232 -1.6188547651095426
0.8665543324534264 1.383817358458752
1.1760145671105449 -0.8673610487215411
1.1565558779479383 1.336011932249555
1.2181963293098441 -0.2466885077777886
0.8730981864391335 2.438425384020943
1.1354621949785264 0.050489380504391
0.5521328508787678 -1.6928764684173458
0.9253242402080492 1.92290254370395
0.9657439022343987 0.779901758504149
0.943188583821359 -0.0786534239199943
1.393508035233948 0.70863261409985
0.540575355166632 1.413526369970901
1.4847742066296377 -1.7960562942145064
0.9666677623984966 0.6179753190579923