-0.9045987651443316 -0.6384780181413002 5
-2.8995563878873445 -3.3132970962265538 0
1.9697276178709402 0.06783831506903244 4
0.35187155868737163 4.013415379778242 1
3.210789337433805 -1.4473566009969432 9
0.13527408090749377 0.1111638690531871 2
1.038762560645251 4.859384674964654 1
-0.5823344576204387 0.5933113319305866 3
0.5859307251429982 4.381121940480859 1
1.5726397477618286 -1.011070297309878 4
0.28679633979976643 1.4368750001223594 3
-0.9104628094425432 1.3501716867817377 5
-1.057173772410507 1.9410555090498491 3
-1.8581150248966067 -0.49712377518335177 6
0.235226332895691 4.819372786427357 1
4.244381009812185 -2.431476320061762 7
0.2718187695573215 -0.12604228539462967 2
0.12513801893349227 0.6511371486530665 8
-1.3631629112076462 -0.5043413459293734 6
2.3177822218878563 -0.6042786778019754 9
1.3817035967966271 0.42493213868099317 4
-1.9329743541867406 -2.4138660954999653 0
1.8064717903144338 -0.9747497544028262 9
0.500424627166373 3.596653971245688 1
-0.4197297848511487 -0.6595704093968082 1
-2.3938236058927465 0.9298127032821796 2
2.0482342341568103 -1.111995068274417 4
-0.5993374708813125 1.055217623133937 3
0.2777525625459259 -0.5048596352516229 2
1.1899037456250068 0.8333474419149303 7
1.374893588376919 1.4114092241137344 3
-0.23597467383686957 3.1854947462537595 8
-2.539456687007325 -1.1859668157547318 6
4.291649289546766 -1.1342866214521101 9
-2.860660181750643 -0.8731086873283457 0
-0.2360994562929766 0.14820253209485496 5
-2.3283955455618104 1.3354303297666363 6
-3.9576488887990164 -3.187451727452023 0
2.4977170305850778 -1.5781030277412649 7
-1.8488210360894026 -1.8302987376535091 6
0.7911511624277319 4.802382796556045 1
-0.11646042566471139 0.6563409857369581 8
2.834753421679226 -1.378817055797105 7
2.6866173483659277 -1.0094725891261602 9
1.5324103890224192 1.9243692979256644 3
3.851521995644162 -1.9349340252931295 9
-1.0525384549166916 0.6621443676776679 8
-1.6551131724633128 0.24248984480250307 5
0.048167678106639904 -0.3255155176762378 9
-0.8512045957271331 0.8215116840919063 3
-0.6103396750856085 0.918489311488503 3
-3.1057105400644938 -2.8451644274277994 0
3.625871624781055 -3.029504427680712 7
1.8778527399972549 0.056500904147801796 4
3.8893920311839607 -1.6764990800901534 9
2.1905846801871034 -0.09117484169778171 8
-3.776695308331581 -4.041335162223725 0
3.4308290792984573 -1.904444625147297 9
1.9830445205539 -1.1302139008432235 4
0.40794854862093544 3.8948530199900087 1
2.0282977743062514 -1.6556604141162268 4
1.1770534745456531 -0.3987299815786999 4
-2.825986000070756 -0.2744753942710159 6
-3.407563141227653 -2.4331009811344417 0
-0.9171281442020413 -1.0180075086288523 4
-0.6638106904579564 1.4593539308297676 5
-3.455289645174453 -1.2962229399189749 6
0.469164043000486 4.447640847948872 1
-2.3304348652219837 -1.1180698340520083 0
-3.496131716072292 -2.9321605347970374 0
-1.5045391480704031 4.534565321206183 1
3.7960580777348865 -1.5221726415905747 7
0.4692415974626779 4.650982789626535 1
-3.0296367974628415 0.6018478561696655 6
-0.3533939637864765 0.0872422589560811 3
-2.437831323610727 -1.3206455379916264 0
-1.3536436132042304 1.9249193536829539 2
0.256113053470375 4.155013809546899 1
1.8366821805878484 3.6876233890779306 1
3.754158428042988 -1.586451579974257 7
-1.1666553902838341 -0.8817049155935842 9
-3.404251906454822 -2.6169902285796196 0
-3.2132466670380317 0.6528646564188836 2
-2.768802369719704 -0.8569333167384731 6
3.7773198905645913 -1.3546808691800067 7
0.020524015534455733 0.38380340798762735 8
1.270490301151812 0.18690687693952068 3
4.493341552371432 -2.603246489451114 9
-2.833582870378193 -2.3599404575299032 0
2.7928084721233515 -1.9146832960894038 4
-3.6765363492672543 -1.0858297535000343 6
4.687632156606266 -1.9890309793162197 7
1.2293256501700314 -0.6652670134621235 4
-2.0055184045656085 0.8439415778628314 6
-0.5095510187405792 1.2815408142365865 8
-3.6454166200659883 -3.352813128567254 0
3.8621083554125097 -1.800805548293413 7
-0.31245619535830516 0.7854684348791529 8
-0.19045574815376776 0.9406331505740988 3
1.0819137423125664 2.374713427595675 1
0.2215740499773675 -1.6765116482985256 5
3.29130578827677 -1.7745374922895725 7
0.33881638800937364 4.672751245381007 1
3.6240107601882525 -2.1800076427593305 7
0.26785834598223496 3.779789920045328 1
-0.12213550425130713 3.967623376619182 1
-2.923166710715493 -0.9215089201284309 6
-0.0031585662259311967 1.7628405151537878 3
-3.2080296963054242 -2.16588155874645 0
-0.733457458427427 -0.41139652249691827 2
3.030364336735628 -1.16235510716076 9
0.6700277590157606 0.24509705140585294 3
1.2201431593362542 4.365264828219146 1
-0.044241700527936134 4.375202254519988 1
-3.920124134108031 -4.559191619307378 0
2.2220171452949686 -1.762929038558263 4
2.8245470042676604 -1.3609704693419893 9
-3.059774144694392 0.06134418845869378 2
-2.6779111415357355 -2.767529116995384 0
-3.4597820177842866 -3.6851614876904586 0
-1.0096051141938738 0.3545191354649538 2
-5.215320369166602 -2.892155447072273 0
-3.3637680725805517 2.1501887672152606 2
4.215358736181925 -2.1578768775919785 7
0.3881212128417628 4.440051311427106 1
-0.7146191024766568 1.2402110402287678 8
-2.849256563089739 -0.8476013216845156 6
0.45927674723504 -1.5056290831632255 4
0.7011730792680422 4.008600059028396 1
-2.680524350097541 0.3441124167177957 6
0.4620472761944404 1.368632716530911 3
2.3097103580165177 -2.4310536022312013 4
0.20033302486430257 1.9300587718199995 5
3.493583246986867 -1.0919390775393134 9
1.2625753948450065 0.6924393141665635 1
-0.30799733571049237 1.635107663133184 3
0.018297736451635984 2.2261433042931094 3
0.8011858439758603 3.0480769072512253 8
-1.4799707635199826 0.22138625315548272 5
1.561866489075077 -1.9918728315064538 4
1.836703282633648 -1.1891546503927064 7
3.3410263131514344 -0.14062918828856508 7
1.4153203859605576 -1.1174549099009734 4
-0.5016408341508963 1.255958100367561 2
-0.4439724731058589 1.0604372376581497 8
-0.8241318290137293 0.13860831600624762 5
-1.1666173305224328 1.5866640278709103 8
-1.0861880300352635 -0.42623804190329473 6
1.715422401401453 -0.542633035646171 7
-0.016296423016935638 1.1171539688777998 3
1.080428444210242 1.5400411532942815 4
-2.8100091790907373 -1.7884114619001965 6
-0.300170846488776 4.880777441256871 1
2.626256010534961 -1.0481026638935895 9
3.3871331612950684 -1.824419381240953 9
-3.043722980557503 -1.3339340624785971 6
-2.6925749181696053 -2.990676538634927 0
-0.6974334629752548 0.8721414241005265 3
1.7261750809227538 -1.8845866865521208 7
-1.5784760307741965 0.35311921644897515 2
1.3404477849863135 0.988422468826846 8
-2.5876666450993073 0.30710535700663266 2
2.6699540683040155 -1.185367010388347 9
2.3534495764740457 0.1673718316549041 4
1.7332139275985616 -1.1048741386328356 4
-3.2409433390257996 -0.14944137643397032 6
2.1295633712906996 -1.503560993243111 4
3.253830516866686 -2.204141193646504 9
2.4146139487844516 2.565485795410029 7
-3.2782455926716114 -2.676843509280287 0
3.8584557344595622 -1.3439780417854559 9
-1.9862605345277948 0.6320423810753845 2
4.16198020723804 -2.027810633834291 9
-0.9328664986577769 1.7948674617278213 5
0.6882837313095866 4.3580560336685314 1
-1.490648143192288 0.5527621043633771 5
3.4669828013525947 -1.3377655711497298 9
1.0783636987782834 4.094962241116483 1
-1.7792724325869935 -1.0682478933342916 2
-1.038086209881346 0.049500239078313225 3
0.3058124422249309 0.4522137020939582 2
0.9963100363801124 -0.06686764988413882 3
-0.9672562249712681 -0.2518318716664302 5
3.8836436305887 -1.8872375525330154 9
0.8166747645141186 4.998317893025854 1
3.593257675901391 -2.564020506754542 7
-1.032678221908639 1.8243732572562195 6
-4.445991443582073 0.437080845303176 2
-0.2959105858384354 0.4089667625500642 8
-2.6726402886936085 0.22191856092399637 2
-4.088391067272174 2.6450673663260273 2
-1.3140562451349411 -0.5961745344475778 5
-3.583700361637632 -3.181407252203099 0
4.032381825128963 -2.8144740468200156 7
2.4306191054028004 -0.9476055702984401 4
3.117469770449129 -1.3370213562149986 9
4.31665189072848 -2.504021559111005 7
-0.06198914513581784 2.8169029592554473 8
0.0371746133877342 2.2563123668806053 3
-1.0010869756300311 -0.09205525499010446 2
0.5434695134095934 4.008229859778249 1
0.8890449408177279 3.516252054192245 1
-0.11895977815548475 -0.06752958481244567 8
0.01992657893184876 1.0176818720576513 3
-0.5458195135860461 -0.43883451837882004 6
0.020327563595034372 3.9320826655903223 1
-3.4962524709885745 -2.1005232003282477 0
0.13619096779796508 -0.4261819145702306 3
1.150567832527122 4.504661295843185 1
-4.115051271412519 -2.5970862359598965 0
-1.6488807427462033 -1.0327743751971603 0
0.7222794534843269 4.251155555651783 1
1.7723993907800437 1.336924884474828 7
-1.6981688959438255 1.1887331734546869 2
3.520911666454057 -1.9523082700374208 7
-0.479809573343377 1.7285826355687253 3
-2.252379326372202 -2.107079760018272 0
1.377582594573266 -0.9606954772431859 4
-1.8750064794122623 0.7814667711726685 6
-1.1662304478163494 -0.9130065117650025 5
-1.8122461718163698 2.2819847942409286 2
-3.2003875036366436 -1.2112177174213286 6
1.4036554700731374 -1.0470647898049634 4
4.157388567992792 -2.6933484026590233 7
1.1291050886626766 -1.2511625903875516 1
-0.9980308244824929 0.557040665668996 8
3.4365351855894932 -1.9452511133598998 9
2.7644750870268204 -0.5893221275754714 9
-0.024188313821275773 -0.346884468658827 3
-3.6919416909165705 -2.8786062020810794 0
3.547984188707754 -1.312633528603988 7
-0.17307988596445695 4.293092097398239 1
-2.216032558499106 -1.5503083919313343 0
-1.101998758420063 1.600526119582757 2
-0.8695851533157325 -1.983481629075881 0
0.4437126885726895 1.800760659946546 3
-1.1775080123406105 0.102969603208843 5
2.164726815113012 -0.54613706327717 4
-0.11632425368699972 0.2952448833847583 6
-1.6906023689721337 -0.508083877538903 5
0.5858713890195668 2.6020806569449317 8
-3.105996283960925 -2.1201933124617653 6
-1.216604371749114 2.1883817036140494 3
4.23489253759094 -2.536582076501386 7
-0.7577415974410959 -1.3455033279601534 5
-0.934355579064641 1.1065880898176057 8
-2.243438061107314 -0.9224807570066577 0
2.362349702770281 -1.5081212790664256 9
0.7224100986664675 3.8871010097363863 1
-3.731933657508665 -2.786610282600995 0
0.7393658834568995 0.10627839648384015 3
0.6375416305423554 3.6460490238743235 1
-0.662705225572312 4.097317369382638 2
-1.9026491812905084 2.43083646614765 2
-0.476362839900113 0.22489594265022003 3
-0.6047205205559975 1.680020355346942 3
-0.8665899807825936 1.7780526385760955 6
1.5417913593050123 -1.0088276131841631 4
2.2834229712538034 -1.664242080581022 7
-0.38602272909435703 -0.7167505006348783 5
-1.5695854374165894 -1.631470683224452 0
-3.0678418357500643 -1.7938491625759316 6
-3.2649692210159893 -1.0182357225218388 2
4.8592796940980145 -2.374660375435394 7
2.5529187502847845 -1.1497014279424689 9
-1.0916514812635787 1.6011957918001702 8
-2.192919099623914 1.2046275050465935 5
2.939878627452171 -1.8808803710154234 9
1.7927851886701653 -0.2884908502904597 2
0.13230515498415543 4.675908804141132 1
-0.037505429705708804 4.060147085849517 1
1.551761959959683 -1.0322343854266132 4
2.451060394599072 -2.4668247352244417 4
-1.3904185726031146 -0.09631034287649355 5
-1.9720826892366643 1.07723407967423 6
1.0010817220782278 -0.6597627941398387 4
0.960626711721025 3.8639978022047132 1
-1.428291534351973 1.5697901198146194 2
-2.533644576694525 1.088944290316592 5
-0.06660510317599705 0.6743212845631018 3
2.8199052368748245 -1.5178770890530726 9
-0.09624072221505695 2.893755461576182 3
1.69390772851559 -1.0590895342184605 9
-5.409780790987187 -3.7694882780805488 0
-1.0436477078787179 -0.43740536818503195 5
2.145027442015577 -1.020984125410693 9
-1.5753222456069678 1.323067598257565 6
-0.904269218390391 0.5828666654880965 5
4.212079043510155 -1.9906979513862315 7
1.7908110760219447 -0.9951772684846628 4
0.2103011242278856 4.5174472652890065 1
0.004932776948726585 2.237800696159577 3
1.3056828189349183 -1.7123467660967628 4
-5.341088533958989 -3.7334735277595863 0
2.3148004252089365 -0.5805594732243753 4
-0.45931562839758316 1.4622316030716918 8
-3.475223030857813 -2.7118959633375086 0
1.7581957252907792 -1.291932013533874 4
-0.6254205080239206 0.8734991348694313 3
-2.418623963054699 -0.4515852947785167 6
-0.4555717458902484 1.7875832640395444 8
4.429197798069725 -2.5813610754794696 7
-3.4876534342035446 -0.6354809320561088 6
-5.327273511233191 -3.7513981307663395 0
3.009318146338125 -1.649356452156086 9
4.302466885811627 -1.8146978855972788 7
-1.2396023548057986 -1.2911849407022993 5
3.9177759745928267 -1.9961425370430694 7
-1.5986580874940388 2.4701070730913517 2
0.09370929716792008 4.279080837685089 1
0.9542365981489377 4.505028022834785 1
-2.342686179613385 -1.1555899892884982 6
-1.5399775538388183 0.6887818392547935 8
2.2127566890269064 -1.0199569868541318 9
-0.04972629982793066 -0.8713493159699334 4
0.9123761343136682 4.274587014289648 1
-0.2819833198606161 -0.11369186243265066 5
-1.7695553005351732 1.4602030965088029 2
-0.6573512989712509 3.6042339050439542 2
2.5561956667595913 -1.3146898768636173 9
-3.7878390782232745 -2.270055745461953 0
0.27182942178171615 1.5758402228090707 3
2.118497263409305 -0.9795769220647639 9
-3.5179069552643574 -1.6831004414358264 6
3.4990493810249657 -1.4077738962835677 7
-1.7755118575341184 2.3126783513037257 2
-3.0739456856059553 -3.2461529467652612 0
0.35441196758907056 2.248344139116074 3
-1.6575368871387637 -1.1111439587827803 5
2.182808095848484 -1.5846207051392733 4
-1.0039855893834535 0.8468752737751033 3
-1.9721455327168507 -1.653172614688589 6
-0.8713217664075413 -0.7013035806292118 5
-1.0217409693096984 -0.034613786359010544 8
2.442207349130749 -1.2296644350028247 9
-0.9469983344293822 -0.7644591826442797 5
1.629985095052381 -1.3829733721660193 4
4.45807905963936 -2.388459620290731 7
2.0191434863264384 -1.506868778976499 4
-1.9267244913266879 2.08913780211802 2
1.0523985888768337 -2.7206447454193476 7
-0.5728754819768938 2.570241725190545 3
1.2555305885257775 -0.6833531776628505 4
0.13548032075837685 2.780637753558545 8
1.9391741862209526 -1.023789716023656 9
0.9524223843265279 3.8847416696710346 1
0.7574715189027261 -0.5095794796707882 9
-2.3552604891264304 1.94513118030972 2
-0.2368127103231123 1.5836339523619019 8
3.782056899880382 -2.1111523777044847 7
2.7473982704002533 -1.2542351966299714 9
1.0847822409827903 3.5522760932987665 1
-1.3551771909284365 0.27231962374102503 8
2.948625726078213 -1.8224863962419615 7
2.3080345483808204 -0.6111888381794519 4
0.21874430268766845 4.243417595206171 1
1.1400797210461253 0.8984987278058902 3
1.5229774911244365 3.9365546763403425 1
0.4565055603461825 4.097286977931418 1
-3.547907986603335 -3.5910098961781656 0
-1.7191098720883948 3.6242798993325605 2
-0.6567802593281047 1.557263418737835 3
2.8480257530148787 -1.0906331617399578 9
2.101609289877608 -0.6413651851999723 4
1.7145551176525247 -1.196535626101139 9
-1.4135135464570894 1.1823847470403814 2
0.43498684840920687 4.258505789165452 1
-3.5678400510145813 -2.0833635872458776 6
-0.24048582289327977 1.9663328856240077 8
2.3047310635240867 -1.7455521965118297 4
1.7787772660133008 3.4831376065628046 7
2.404392967480558 -2.974306442678543 7
2.4124480356095663 -1.1357462305376642 4
2.4827083286804608 -0.8665828678027502 4
2.8518741259292395 -0.10928502123607721 9
-1.660241955585764 1.8752871136531672 2
-1.7902035344053904 0.6085701296134074 5
4.1293295906040415 -2.6971508303659513 7
-1.0977779947398518 -0.2021079486760131 2
1.647430305375423 -0.9401359359023304 4
0.7916288983700774 -1.0794927889984973 4
-1.1447342362028958 1.0716981887668293 2
0.11225126748630299 3.970833915978489 1
2.47256949426541 -1.737242181459884 9
2.366324219040526 -0.8398767689596872 7
-2.1850412343697725 1.8526841750479022 2
-0.5334028422112672 2.454000479318081 8
4.001688307395076 -2.2500013374867462 7
-0.39152089563231335 -0.3075016914435318 6
2.284174754643989 -1.0806720785214619 9
-1.6940688539703872 1.3875736477770635 2
-0.23323084371050132 1.6197827071686226 2
0.2906208050158842 1.5790697842430939 3
-0.29050347217101796 0.37917188000048235 8
-0.1861891762339459 2.748018438982305 1
-3.593713696308864 -1.7647057672015265 6
-1.5133350731888282 -0.833545626952168 5
0.4399405499206908 4.221341519047869 1
0.4600647251537754 4.498920799330741 1
-5.72138544779224 -4.268774726735856 0
-1.1033817686993928 -0.4221624976752455 2
-1.8962665744980851 -1.7807020864843588 6
1.25516049588881 -1.1350237782711994 4
-1.189332546567171 -1.0949150717767413 5
-1.0140242111220956 0.39255155070178693 8
-0.7219939670048552 1.835105327279149 3
0.2924228923977125 4.026236557302455 1
-1.9621904049308327 -0.5538646431821987 5
0.6825795468981011 4.606042714749723 1
2.440826454090933 -1.2707500619852812 9
-2.9913422280235284 4.4246603065225605 2
3.6773857062823767 -1.0750863833885482 7
2.124999265576797 -0.05322628921444841 4
1.8697403701004587 -1.5095871224586868 4
-0.45743433686589924 -2.094070962550552 4
-0.4519373651991276 1.5668036069833744 8
1.8771106191111675 3.9134759076118324 1
-0.9674908957174966 0.5490213257778026 5
0.3502241770056769 0.23097579252507686 8
2.5336052726179075 -1.7798312582469904 9
1.550965834124915 -1.2283017002605485 5
-2.497364990762663 -1.2268317554324843 6
3.488481083894241 -0.8987485514346668 7
2.41021600183654 -1.2251928288707312 9
2.152189832833472 -0.6286669777404158 9
-0.2383299290688668 0.1470224169220963 3
5.17668834334709 -2.1062031109075137 7
-5.864032079849559 -4.417450098826996 0
3.041288201173258 -0.33239934731249765 9
-4.914122896279047 -3.3635518332318153 0
-2.3721622508623503 -0.9034122165231108 6
-1.7952404181328394 -1.4510517523786481 6
-0.9083029054536694 0.8886736633820699 2
-0.21853137612063714 1.0332370309243657 3
2.9270981411417494 -1.0090639302771438 9
-4.190974974933147 -3.6834434906365074 0
1.9111131791408968 -1.4012165395478051 7
-1.2162826869100358 -0.2772077595376954 5
2.656667965495297 -1.7113476667966017 4
0.5040821401150287 2.3718960633010866 8
-5.186745357866144 -3.5661555708164228 0
2.502891347284526 -1.3790642568552598 9
1.8554256702087222 -1.5387790057212092 4
0.597846289569233 3.4922642191997255 1
1.1368171963078577 2.0462189207612704 2
-0.232743963529986 2.2539571231252595 8
1.085691717781682 -3.155167279559907 7
0.29833045468152924 3.8768558516828695 1
0.8621287338896937 1.601235424131062 2
-1.5626829825016326 -1.1246065639892853 6
-0.1430974594588145 4.884059992051386 1
-3.6009157856358356 -2.6418955264031396 0
-1.0941473815116405 -0.5168847497527477 3
-3.984781708851943 -3.494048792942579 0
0.8634441845832004 4.497279736183677 1
0.6241516307943928 4.335791679969739 1
-0.896398964392427 1.698108437118284 8
-0.3403343105022234 1.8707282077063763 2
-4.368172289953636 -3.4482796016354627 0
2.3232311891078385 -0.7240469277444737 3
2.450661366734319 -1.20688368535263 9
2.5481286248199972 -1.1012449362363532 4
-4.9204045576689985 -4.426861165178628 0
-0.9637168397403317 -0.15362359174964524 5
-4.534557849683241 -2.778489392169881 0
-3.668355788099937 -1.0372487036713998 6
0.7282261527850686 2.910805457055591 1
2.8606045504048865 -3.6064323169495625 7
1.4686876155171915 -2.171664586577704 7
-1.1475351279418493 0.13384025931371288 8
-0.4302749044288851 -0.07635597138666174 1
3.116449813109671 -1.3776672354287074 9
-0.6037918000756289 3.547724325426177 2
-4.034707749394877 -3.0228445116182816 0
-0.7565572337147022 -0.831071382583074 5
0.531543387432683 3.7095283429789485 1
-0.23032412085039058 -0.2341188349882611 2
-0.69292106680668 0.4616510659688634 2
4.701081446675995 0.3665930238697248 7
-0.29273971720754377 -0.1053108701325962 3
-1.8368234615124266 -0.8883519065059634 5
1.511591702387102 -1.457443590145209 4
2.6194217421294845 -1.3124938684100693 9
2.4188438622458723 -2.8614341028866126 7
0.5630370001665329 4.260429481099833 1
-0.9046532302972468 -0.1608157494418548 8
-1.119185961345026 -0.32248123481850516 3
2.5012916279026647 -1.441009153108403 9
-0.39536880058074325 1.890201260005049 6
-3.1498484841853456 -3.152032363093421 0
-0.4780035624097534 0.9670416554095114 3
0.48072434049743007 2.5257423845969353 1
0.4944820298454301 3.581866453067014 1
0.11726941526991747 1.9710724448743229 2
-3.2669591520248695 -3.4276730491858824 6
-1.090544542490931 0.12386111363150816 3
-1.2742003349974003 -1.1214408086793526 5
2.3436840365838134 0.6597459287671892 7
-2.0918870180280353 0.21547285836722035 6
-1.3955610525338007 1.8523035387077869 8
2.7059683447915104 -0.6963733004707505 3
3.2591487280462452 -1.5190096427210962 9
-0.7737575191030126 0.2304622662935453 5
-0.14184464031360908 2.465286066046713 8
-2.010384306365983 0.2478027891013519 5
3.941002190869826 -2.021464492322759 7
-0.6259911441956367 -0.953028923696249 6
0.6289518861321732 3.4645221685248284 1
0.8191890464258753 3.7231181111510057 1
1.786390055167909 -0.6465266481171862 3
0.21722812773070546 3.8059747054342936 1
3.1695330726480226 -0.3378649140112425 7
-0.9198209086866141 -0.9716543775218925 5
-1.3997349260609482 -0.540740972223165 5
-0.38566568168674653 -0.23436765425665015 5
-2.012162858334814 0.7347017486738735 2
-0.8559159418109273 -0.7062046866799667 5
-1.212360813346584 1.631963627140608 8
2.7404969741724035 0.2654257993137916 7
-3.543504516129915 -3.8876413752999506 0
2.5115563197951802 -1.3826905485022254 9
5.346212995449326 -3.770111347797189 7
4.217330264264035 -2.621663422333301 7
-0.07215933724688904 0.27278775190553467 5
-2.7716335054955716 -2.1870952991906987 0
3.6687229125660656 -2.007804348464252 9
-4.680878993143411 -3.4356749348844278 0
-1.508593316377427 -1.9429001057677706 0
-0.9111983100881785 1.1194182586657742 8
1.4740419091124821 0.21054796381278054 9
0.030680584113014116 0.3131161982958702 2
1.2521734238596343 -1.2390517140351984 4
1.22571262618538 1.5442101178154568 8
0.617053666418649 2.1299662564078705 1
-2.0800171946599075 -0.3373236239022452 6
-0.14368470739024136 2.9782066461506185 1
-1.4744403454366093 -1.0877889631319477 6
-1.053300402801464 0.5427241910335356 5
0.432526963177008 4.088583647220577 1
-0.7942977345009512 0.23416605883431954 8
1.841656916138058 -0.46139857157635344 3
2.6981454400757263 -1.6544405481112336 4
-4.091512662768184 -2.3411962102712156 0
-0.38130667130326285 0.30807303196789265 5
-1.8157357421106886 0.37846841285057836 5
-0.7560728170568505 1.2468903039963022 8
-1.3061360090899998 0.9452280717535381 3
0.7858605576709321 0.6664146695483452 6
-2.664034054345379 0.13208691538588982 2
0.45596585015011293 0.8934782662076437 3
2.326727240516621 -1.1338967609021033 9
-2.0271946855921477 0.872847285742228 2
-0.5235203359770616 2.8476807537806836 1
0.11685335548670372 4.082211597201176 1
-0.9841836408836729 -0.9121399372762339 5
0.1366375347663259 2.0322374694585714 2
0.6088852009126557 4.107564798907887 1
-0.13156109431421842 0.24081329295369364 3
-0.2295031963350034 0.6553994469086609 2
-0.8697640256020682 -0.08708516291200862 8
2.3186638928709127 -0.5225183819740573 7
-0.6868293501782999 1.0718490874262012 3
3.182249504298597 -2.1055546822240285 7
-0.5546960648256214 2.398044626111094 2
2.1302539105554157 -0.8182826136244369 4
-0.6854350838172092 0.6180739510964194 6
2.3026862988343053 -1.5519943919276897 9
3.3437672095544277 -1.5689886506468222 7
0.10823624094699985 1.6082342019479439 2
0.9663810377257351 -1.8290230419181501 4
-0.7359438943206782 0.038431238764102885 2
-1.174875383390874 1.0637628454004366 8
0.6167444592121346 5.200713876552692 1
0.7590085998398896 4.082835713226409 1
0.24374865037497165 2.9661029137493253 3
-0.3226198857800157 1.405742017451657 8
2.079181518016062 -1.4101396068402585 4
-3.9308839975194343 -3.8797931404308557 0
-2.4916275320414023 -0.7634999373930144 6
-0.6492777145498201 -0.16321027325538548 5
2.8202368709334475 -1.510660328165248 9
-0.022395587861431934 0.6800208837175223 3
-3.0292596236523526 -2.8687866029766145 0
2.4699650197639587 -0.2188479127292647 9
-1.8233325176952948 0.21219725444106968 2
2.4425079081750725 -1.4582072300748574 4
1.778278873381697 -0.7966939205348076 7
0.47786626019821615 3.1986077252449214 1
0.35860143960988555 2.8239886794599687 2
1.8991602980618416 -0.8639209926873284 9
1.881255323605873 -1.5719742043792344 4
-1.7640351861483003 0.747140598758201 2
-0.868504325132953 -0.686701333362198 6
0.8501819592728308 4.38749042934339 1
-0.17979773042344455 1.8698694756239016 8
3.692279481185709 -1.2871630832146006 9
-3.6973451203191297 -3.1569876716790874 0
-2.477982337531347 1.203675413210445 6
-4.774217203745132 -1.4583069966584685 6
3.261228275751405 -1.3070345146790139 7
2.4594825074609643 -0.514901148258411 9
1.8347586459379008 -0.37135225696436214 9
-1.8714804690007147 0.30093471503575103 8
-3.1832226553703546 -2.0090917519693114 0
0.8141938310671093 2.2935301169086504 1
-0.7056899520520765 0.14588878823050963 4
3.0736358344711023 0.28343352150617823 4
-0.9975173459794779 -0.42583887290587374 6
2.0601231255865105 -2.5546364823910532 7
0.7756274476286605 4.250592250594901 1
2.4600515775549816 -2.2101497049061116 5
1.287400801078369 1.263026546731054 7
-3.1290322359391594 -2.9330399053296397 0
2.9227130197263986 -2.0865556728932537 3
-1.1111489643243329 -0.9351864109361524 5
-1.1816859895013359 -0.07342042922513943 8
1.8007479221230867 -1.886719232972129 4
5.048907439793191 -1.9237589667264516 7
0.2063676619891559 4.502851097281854 1
-0.11764043034483981 1.4481170100263347 2
-1.6618977279027891 -1.9650309490208844 5
2.0320634121611914 -1.287268728533813 9
-0.8936685482597326 -0.8632314052837619 5
-0.6683744352157495 0.40435045368791883 6
2.505806903491779 -0.9059602178114571 7
-1.2723872866919814 -0.5124685932971748 5
0.956488981638034 -3.6232545514491696 9
-0.9474815331938857 -0.2508827119066164 8
-0.36384870935904684 0.5792982033450568 8
1.9803554768779303 -1.9887446359222594 3
-0.8632230063835329 0.5986299959969114 6
1.0309647147886662 0.053529083725503974 9
4.130088853035893 -1.70804120028874 7
-1.367030837598122 -1.6263000622185362 0
2.1186422747458002 -0.8075506659982196 7
0.9610800694047084 -0.09694397641662113 5
3.0196818526283518 -1.6034668236968612 7
0.48119460080469323 3.2060448112497393 1
0.617959472406795 4.670707189171911 1
-2.837353544722124 -3.4604273742943654 0
3.2567172090360588 -2.4434965204497456 7
2.123813450195478 1.422862748068067 9
-1.453754446085356 1.2937801357528838 2
-0.10671396435442407 -0.10430413659549582 3
2.195939112787757 2.703373231869905 7
1.345946860064896 -0.9240509784836373 3
-0.8524789856883702 3.402729242849807 2
0.3450724380962298 -0.18537196334590472 4
0.5424683791665126 4.431323059530852 1
-3.348825931358607 -0.4911207406531001 6
0.4888332640828397 2.0532873654476975 2
3.9845889943762156 -1.8297926891860459 7
-0.32663742199409634 0.20844112049326446 5
0.15600016431791008 0.19816690042759527 5
3.8392291794336475 -1.5361836776532727 7
2.0274755267837374 -1.5360812913879371 4
-4.159832827980905 -3.746258757876685 0
0.02079937214652724 1.7210508582136708 2
-1.8541557577685992 0.6299895848554362 6
0.5757135219413783 -0.1943854650737924 3
-1.4409627690099645 -0.1619075264057657 6
0.5057046603667522 -0.054716495187056284 4
-2.9715987938912325 -2.6473198810082583 0
0.9988051515326788 -1.1487862329428327 4
0.6735843981489564 0.473558812908622 2
-0.2789846680775243 -0.21197014779931675 6
-1.6164870135916836 -1.8834696106057651 0
-2.1598322770764407 -1.2470454907822144 0
-3.489288042463576 -2.1432979399778116 0
-3.823095991583364 -3.178119214130747 0
-2.3975506923996366 -1.5191149082681 3
0.7015240423096344 4.301691079253708 1
-2.6865607195359154 -0.3789790897964407 6
-0.30821312304721493 2.3654937338775954 2
-0.8357642740214564 4.021680600683477 2
-0.7844250189355075 1.0821690448024657 3
0.12486420036430648 4.583972011623539 1
1.1413742817234565 -1.945039496233309 4
1.166877166579224 4.353330153702243 1
-1.3310509978723777 -0.911384997286569 5
0.07464031323056629 -1.571801802623373 4
-3.679316306229945 -2.724874048285096 6
1.1474731312690933 -0.8878706705611712 4
4.783238512633171 -2.225286943277337 7
-1.356275717431165 1.3010406796139178 2
-0.20066846861613283 1.8654402923690463 8
2.832740626276597 -1.2590735209703614 7
2.4997575930955787 -1.5238104299586215 9
0.6175231204126719 1.6722439435297733 2
-3.3710985568556198 -3.0322685697226492 0
-0.807210556512664 -0.9005082163565413 5
1.2812823963051136 3.9499355495251 1
2.0646160647330505 -1.2637122508462384 4
0.11788699482711901 0.7705043031837207 2
0.1213373135942242 1.6318826789668308 8
0.47259577362602195 0.3216347292272492 3
-1.1220289677043422 2.1907413573670125 2
0.8867054621457942 -0.975165786117285 4
-0.005843944445210539 3.986693756331388 1
-0.8845562882564924 -0.46947709509793417 5
-0.22852318739064098 -2.3986772169939985 4
-2.9235592991263775 -2.134365765881016 6
-2.988820001599045 -3.3369557356664092 0
4.271208256089934 -3.1539240791356535 7
0.4908653333864415 -0.5666907988175756 9
0.2509000977226184 2.962108215654645 8
2.7342518567643337 -0.6465328330274202 4
2.8606573890977565 -1.082280589661722 9
0.06502991605952542 1.9576946556144195 8
-2.8796884056975762 -3.205511099693734 0
0.2909659453350922 4.563940385669985 1
0.05079593484309004 3.9982133679772875 1
-2.3200866860363067 -0.18424436148547535 0
-1.295446036958801 2.2069428045332873 2
-1.5364713976375237 2.743875253451072 2
0.03237494896049182 0.4784812385947038 3
-1.7766607981318732 1.462318444229898 2
0.7979331615850376 -2.6323935680626196 4
2.1370834034355606 -0.47746131632901867 4
-1.1405828767842936 -1.1249248822134015 5
1.2161513379526374 2.097826117953221 8
-3.735174002809704 -2.1962130386586054 6
1.0758158045757475 -1.7874697943811064 5
4.90496165264117 -2.423343510497918 7
4.526530876004701 -2.3235088482470516 7
-1.1176621051595164 1.893242243566906 8
0.06523621788256108 1.9464039426202495 8
2.6690042672620033 -1.1852429688352857 9
1.9951625281847662 -1.0606948607391053 7
-0.15269363373490769 -1.5822617199304185 4
2.6991602726809374 -1.2643343124663944 7
-0.05956860827609729 0.8210076289387493 3
-2.1758739847926347 3.776621867612212 2
-5.6067928674735965 -3.794244713341916 0
1.5574380208228622 -0.20432127684502652 8
-2.8258418286099247 -1.7836141153261098 6
-0.545424234713385 0.14458479186227113 8
-3.0774781721661273 -2.1664726543801356 6
0.6008434551845565 3.739682888030321 1
-2.251209579229623 -1.8635190067409715 6
-2.2375280256468146 -0.2540335916777041 8
1.9959355418739595 -1.6126206235890146 9
0.41517956566066355 -1.9206948460253708 4
-4.4638301846403 -3.226460675203493 0
3.29873950690978 0.6469479411112345 9
-3.22517530981176 -2.3934449058215677 0
1.670404434364181 0.17199571223729898 4
0.7673082933907885 4.269015867190284 1
-0.4242658253069045 -0.30700739608872335 5
1.0786956741354794 -0.6807191401503122 4
2.980691825481049 -2.5579618140489773 7
-0.8580904216347974 -0.8652927508652597 5
-1.7780766870924107 1.3740298535895399 3
3.3589017900754863 -1.5490487138875324 7
1.4570561216720475 -0.6181919253685226 4
2.6584355997439513 -1.2004715741407919 9
-0.7206119562360589 -0.2350206014962473 8
-1.2656307014842343 -1.488277020378417 5
-1.2633339044150793 1.1584418699668952 8
-2.9763935792618725 -2.052178468738541 6
1.3526241082748676 0.360015480550046 3
-0.30030514086108584 1.5992900158447194 8
-1.4884639771137427 -1.2476210352466701 6
3.1152046793255495 -2.0552833054380386 9
3.851407437912162 -2.028827251655197 9
-0.21385598945995832 4.421755322909116 1
-0.9003974667771363 1.1880387855748233 8
-0.6186261073078536 0.8135174976871322 3
-1.1361110629612898 0.2809433420036474 5
-0.842519879331129 0.307341114522677 8
-0.45336043444210755 -1.3725084486355286 6
-1.1115357232583458 -1.0643621455154044 5
4.153784175046692 -1.9404055303527676 9
4.265191351978457 -1.8594842683090747 7
-2.659417164401391 1.0600176287878773 2
-0.7341035743619782 -0.10575887818953951 5
-2.248545006972005 -3.167732961235307 0
-0.01696481052300229 1.095514307288362 8
0.8674800306378554 -0.6629005835920818 5
0.042143598652541914 4.10410877814754 1
0.7880816519944625 4.319623821918777 1
-4.270742943509031 -3.532696028293715 0
1.1891419178239742 -1.0042497257124365 9
0.016031020512669938 3.856522867332546 1
0.6492473650055876 1.2261012956025068 8
-2.6843684203727123 -1.3991967823113305 6
3.3083291507200223 -2.062576987167318 7
-4.167896710752677 -3.7045176880727544 0
-0.5503607184839131 -1.3174946386436543 9
-0.10728188691439741 0.2357736651589253 3
-3.3998641744010363 -1.9721036806617784 0
-0.4857472876931879 1.0978743432724352 8
-1.7681995784104922 0.9865190102126794 8
1.817257582774144 -2.101168306274376 9
-4.437791208117086 -1.2280792507176277 6
2.902154427352464 -0.8552496580379342 7
-0.23150754197206272 0.6591846880089337 8
2.9594521298962695 -1.417316922250651 4
3.715510505720899 -2.207385951972615 7
0.01579790106292386 -0.8171573394854107 5
2.831204576529043 -1.448004116111163 9
0.7184914745438488 0.287219981825178 2
-1.268871271501934 -0.8513716750593464 6
2.8180254600310986 -0.7750907949283937 7
2.2776396128914054 -0.6037981137295001 4
-0.2065843589187044 -0.3460105163595988 5
2.5413319920049857 -0.9476929401418941 9
-0.16944907760151726 1.2538153882755185 2
0.9682086344894234 0.2030018991642241 3
-0.1774012860188174 4.071489392239687 1
-1.3581004534478893 1.2548277349892665 6
-0.6027238403985007 0.796445117083489 3
3.7335435100651515 -1.7063794385193065 9
1.2133920335683597 -0.03245932672960228 2
-2.1033684683030835 3.0021353564507716 2
-1.0243031664894924 -0.20012861862947545 5
-2.623537354878271 -1.8122562821058041 6
-0.13689700791776613 2.3972538511663304 8
-2.9871975745945845 -2.411160312205153 0
2.9602133831974187 -1.7877982170812223 7
3.1761807108816944 -1.724686188157515 7
0.2829066730143687 4.1237949272135666 1
1.5062058516178278 -0.9593870490690855 9
-0.4828225647481616 0.3740651329150275 8
2.8359218597226032 -1.40877216691891 7
-3.57477653037207 -3.53252894366266 0
1.135185569728066 -1.721009953405291 9
2.1804182600626985 -0.8588173206573072 9
-0.40576340881547707 -0.9229533000633835 4
-3.3564175863000347 -0.9083606841594439 6
-2.0313677467664286 1.6522127927892791 2
-1.2172182409718726 0.3428477897571836 8
-0.5531994250859718 0.9347184383307352 5
-0.29940769142785895 4.11330646349939 1
1.7951475432598765 -1.4228553098148593 4
-0.18699952175750215 4.343792900706 1
-1.0527783599870812 0.23282158248583387 5
-1.064651479306636 -0.5796598976208108 5
0.8351436517565187 4.0417968759039145 1
4.142835167456725 -1.2251957331730308 7
-1.3243816831248783 2.1005747520639937 3
-4.126359974849967 -1.734114993735925 6
1.4316969572626173 -1.352160527787645 4
-0.1137979200104271 1.252344901051929 3
-2.0278755952185974 -0.21207841433227895 2
-1.3121490965962679 -0.3059050688507675 5
-1.3185847260061616 -0.48567665976581353 6
1.8285941862000246 -2.5128204795840254 4
1.8571228165768243 -0.7740980203002803 4
-3.4457618408548125 -2.7043050666626334 0
-0.8816399226265569 -0.9881833825096648 4
1.9225270743581717 -1.9892079749682903 4
-1.03862619565758 0.32776204787467006 6
4.260348811507189 -2.123632281898146 7
2.2257225456423697 -2.277731057677611 2
1.9552454267543977 -1.4955996908363922 4
0.7315433374708097 0.5225823497526677 3
-0.18111640787211278 1.1205647642110204 3
-0.16350600230870943 1.2388664723867995 8
-1.4961405509277983 -2.712781984521983 0
-4.383552914089102 -3.500899566934096 0
-0.6403923225853482 0.835888851701277 3
-0.44858685787560004 1.2600302209603336 2
0.15829578575526854 0.6087475710395105 2
2.181568711827398 -0.1942354390642092 9
-0.6112771498619676 0.7384192160615662 8
-1.9140187395288057 -0.054172827829323304 2
-0.5429461536721389 0.5225893317542396 3
1.5867440085504274 -0.742496250594641 7
-3.956208393402813 -2.4290560964590733 0
0.8822354098096645 2.313518259043166 1
0.26308051259999227 4.4273750119145125 1
-4.239673915725589 -3.4364704873493994 0
-1.9211957732240732 0.6165179163866235 2
-1.7023149842879042 2.1229307823533894 3
-0.11564405190251881 1.6660890859765973 3
0.6620598417128123 1.2733478210191875 8
0.9438484462790386 -0.7042493638229895 4
1.1474346702060436 0.09102156659803944 3
-0.34267820200229393 -0.12748115577551147 5
4.245639034105643 -1.2431621453265789 7
-1.9977446849445049 -0.220058645938173 6
0.5640467948971609 -1.7346913903682175 4
3.7561152278428054 -2.6396912675844844 7
1.4771853577630294 2.6461191381889693 7
-0.8857697069789472 0.9143999117384926 8
-2.7198183683547303 0.919576669429599 5
3.5868071701317477 -2.0614210295690705 9
3.23819733395777 -2.3614591807857344 7
-0.1377879365824828 -1.0917206089802738 0
-1.1889661662854203 1.223623135636518 3
0.4644430055313993 4.471442955677698 1
0.7746629084450832 4.38413102997717 6
-0.885122337901703 0.33129018613876227 2
2.8540381709020495 -0.16598859731278362 4
-0.9322755385289357 -0.0429796706842396 3
0.9526018216519007 -1.0314634981158355 4
1.0451837115998295 -1.4437104625669592 4
3.9527679860179417 -1.2961114843607364 7
-0.08476550241382956 -0.07788957909782095 5
1.6801835607476918 -0.4989900267553906 9
-3.167681159121163 -1.3376800356302223 6
-1.9904329230324669 -2.068469822504703 9
-0.5114762415220989 -1.3362035986277083 0
4.684298771360417 -2.3720446322727535 7
0.545394346214238 3.9308922698877096 1
2.4982157922349297 -1.5729827162495527 4
-1.2615433734330865 0.9887532105738143 2
4.394709146525372 -1.628978525958049 7
-1.146876728112666 0.5030292233007811 3
-2.2240363095169116 -1.1939306704848383 6
4.095306997707444 -2.2818881034430025 7
-0.43328085215034445 -0.1327259108058189 5
-1.2743396909060007 0.2532210744619289 8
2.07749005956543 -0.8784614413349434 4
-0.16752660495711033 0.2614341614210995 5
-2.1359994082808833 -0.15910719662231437 5
-0.5467365364209179 1.282484206245746 2
2.8112404067451733 1.2446439387777382 7
-0.0411277684527851 4.364150821694157 1
0.028925570468170184 3.721445946564694 1
-1.2642351543272892 -0.9454034708046795 5
-1.112793500800423 0.44944717850324595 6
-0.8840284134653834 0.6453881698301868 8
-0.8365610832264947 0.011850453719823295 5
-1.1195446100917836 0.7422363148933845 8
0.8334661854391894 -1.7722114722650213 4
-3.489723740746106 -2.5972370587878095 0
4.1363453107415 -2.231157573723722 7
2.6667806809725336 -1.7880822021720997 9
0.9528582023233195 -2.7696778439072345 9
-0.7035409548663943 1.1895208986209127 2
3.147265560001556 -1.0973234004747003 9
2.8987326886065303 -1.000313828109562 7
0.44084197402763176 -2.604213139329199 7
-0.1328086855009456 0.9461383260493145 8
2.633275816276575 0.7405580706760599 7
1.4929437568198798 -1.3309617405457188 4
-0.951145368710851 3.2047741783598807 2
-0.5866862962821906 1.117837965782948 6
2.1692954658461128 -1.6693014155260368 9
0.2917263917595026 3.7987765352006546 1
3.511716705046236 -3.136186225605669 7
-0.7695387106929862 -1.3261764742704236 0
-2.74393468430961 -0.4266815376924177 6
1.994688094138676 -1.6044048916864477 4
-1.1962722483631971 1.7138979333425557 2
-0.9523136306983746 -0.2911989734088143 5
2.959495318385897 1.4366847779231238 7
-1.3049022630910392 -2.671701391126226 0
2.6751244639197322 0.13203122619488955 7
0.5424115634366132 4.29041671943134 1
-2.526439098543305 -1.8851169942857355 0
0.8425151132371218 0.38346485075480674 3
3.704636600515237 -1.4026278593802926 7
-1.3201660265707649 0.31481709500143634 6
-1.7155153738142128 0.023922466458075584 5
-2.1218331656053295 -1.979893951782249 0
-2.330789529631239 -1.1473424950272946 6
0.02407093184199556 4.192424119425508 1
-1.0954135089626182 -0.2821378798220077 5
0.11116917077179367 4.124044107355199 1
4.950127719439867 -1.6166310038489284 7
-0.5108777814854357 1.7047218266978876 8
-0.49846622659814016 1.194902061676934 5
-2.762364925886767 -2.485917717872443 0
0.10708026116850772 -0.5972036962118669 3
1.1637995981465326 -1.8343631272035281 4
2.2664048365894067 -0.7190904689081647 7
1.8316167183886047 -2.9111359601983278 7
-1.2214215681215774 -0.48062393116430424 5
2.4419681664918373 -0.42710765185711363 7
0.04250605025653847 -0.36762841979234423 8
-2.2504871783743137 -0.12237990058361363 6
0.027185528405976496 0.27087696861999205 9
-1.4334054416884447 1.6379246370069191 3
-0.6543574865295632 0.3328961686535019 8
-1.3382704154065663 -0.8584577352426118 6
0.25950508183590176 2.9888082622485976 1
-2.088784441018095 -2.2412136891469907 0
2.8800834389454715 -0.21423266350612633 9
3.8734277172819236 -3.849988611347117 7
-0.216758082213389 4.430046548570833 1
1.016044482140112 0.29885122955908483 3
-2.443368365331106 -2.1006538757433337 0
-0.897702420941148 0.11887665660230572 5
-1.603318878854225 -1.191359804896322 6
1.5400888645685478 -1.372419702559597 4
0.9355430083142676 -1.5909377215430571 4
-0.6998609722238324 1.8737140061106492 2
2.4035202261786424 -2.088024387534889 4
-0.2685055759238225 -1.3246439848898652 4
-1.2853118457778208 0.8216841874053705 3
0.20565682810465497 3.554006811668042 1
4.5477215216950455 -2.1546715576175055 7
3.4878432295399113 -3.1126102236484683 7
-2.424213180729106 -0.6563336614673253 6
-0.8838730222519121 -1.4258648282587243 0
-0.903832103387766 0.4212183726620207 3
-1.6026292580919332 0.616559826332298 6
-2.6468991242917816 -2.0305226906900775 0
4.819662063326583 -2.726411658395995 7
0.45474565416554075 3.4777472583507607 1
0.37497520115811545 3.6249240078908835 1
1.4879030808411684 -0.4452658854768723 4
3.4730232814069906 -2.187536582925816 9
1.6440141325474318 -1.0728509651921312 4
3.446520346637612 -1.5372731882039001 3
2.736142684946519 -0.9590327042642162 4
0.8384835756201661 2.9252334202793624 8
-3.6914934707032745 1.4183354334638871 2
0.662961332003323 0.528702702042233 2
0.08508285462548867 4.447663284436839 1
-1.367726393261382 0.4234703199094478 8
4.947003094619765 -2.780502137476769 7
-1.3789160129254683 -2.297324300659878 0
-0.15602413801047826 -1.1901164249443765 8
0.18659413202989986 3.2368826110176028 1
-2.657030480570696 -2.2760992276481944 0
0.801301087638157 -2.500217825917909 7
-3.15780073974331 -0.938237829825504 6
-0.01695608090614488 0.266028441034152 3
2.81740426362183 -1.786094035938674 7
2.642982103136472 -0.1031861420016335 7
0.3858914923002139 -0.5550966564663118 5
-0.2416602709059945 1.3579042781172608 8
-0.083513647867945 0.024567389326437504 8
2.1989511429465587 0.30215894739416543 9
-4.1538617782345915 -1.8974673133173907 0
-1.9495122966647338 -0.5437328729085812 0
-0.8080953326560409 -0.6094005794313094 4
0.7404094096792085 1.2490815499196353 1
-0.34586770789828963 0.6474938445215864 5
-1.236387160377251 0.2520507899987247 2
-1.377530413095724 0.24544987057068685 2
0.8529186331576857 1.0265844574408027 3
2.36523232212312 -0.28836598739568114 9
1.1996548112673002 -0.6863403723480118 4
1.8551377650405332 -1.3618550820024324 9
-1.3375323712824292 -0.634194143192315 5
-3.118878400699226 -3.1740637582557225 0
-3.6689003363081283 -0.36817257076708115 6
3.7905737043612624 -0.8321402970196201 7
3.736148705683744 -3.3722336398486927 7
0.9184153176628865 3.9904822861935463 1
-0.9826097886091052 -0.6656894595377701 8
-1.170700767074364 -0.8728872762851344 0
-0.4271373137030742 2.442982344178605 2
-2.3715048463504735 0.8242503606268355 2
-0.8131805221672272 -1.9875992515850949 0
0.5206914895327706 -1.1128478563635316 4
0.8350730582465105 3.7211546438509524 1
-0.1509151012211259 5.132271281619542 1
0.24883224596499123 0.14345109638031767 2
3.2510573516048895 -1.8679974561952812 7
-1.658088592828673 0.14221755365012823 3
2.5509971505390157 -1.6235133988802046 9
2.0521580170320544 -0.1473917376831228 7
-1.239533209080369 1.4840663095893623 2
-0.3087833535166682 3.0107364446791283 8
0.7364286691856243 4.167936170875876 1
3.4482066195270322 -0.29367228065150136 9
-0.7943435107311322 -0.5681127502538513 5
0.08806391104341242 0.6047509285368238 8
0.20838638101838514 1.2737987527506687 8
0.47907451297940834 3.7753391168820247 1
1.8307263924925712 -0.9018170024392764 9
-0.8281782652245014 -0.019620137984756137 8
-0.3064528702338492 1.44346133424423 3
0.07926058451072392 3.7999060069243917 1
-1.0341842819895088 1.919968670288406 6
-0.3604712299209707 -0.5299467372397049 5
5.117340180720177 -2.367080217926971 7
1.5393619036421435 -1.2587918555575337 4
-0.5901505153083683 1.8810500328105748 2
-0.11099562474389221 -1.115613668197734 7
-2.005377132630774 -2.3267480562274643 0
-0.22953934267077977 1.1191615929391583 3
-3.3742597775465955 -2.769993065355685 0
1.0109028486630534 2.5933527192451775 4
0.3703038748104407 0.7209159613237096 1
1.166740147652514 2.2597260486907564 1
4.050085985438514 -0.7812959560425095 7
1.4672539127211888 -1.2697825871441486 9
0.13427219244888094 4.469680501873902 1
0.326136170537199 4.068847567187323 1
-0.8929832917175577 2.042040370753789 8
-2.6483360421803783 -0.3577239102440045 5
1.0700125258795692 -0.5790248119564394 7
-0.9284581612519446 0.45766883963556887 5
-2.594137715394281 -2.4544608906357603 0
-3.7047773679542337 -1.5367086814607462 6
-2.083378006897477 -2.067310888216766 6
-2.285557470166879 -2.4054438768764546 0
1.6576372809976145 -1.4692980325486025 4
0.6103425340822392 2.557977174151847 1
-3.5545632958499738 1.8902387033615515 2
-4.752124792276881 -0.44797114913277736 3
1.2043119519030527 -1.8960811290049602 4
1.716464528976278 -1.2714668652167722 4
-0.9925550249750579 2.256093286806699 6
-0.47904399724200947 1.7338802225317342 8
-2.445402354655035 -1.8276469266810045 0
3.4913540220744173 -1.030182370749192 9
-1.3269297388949646 -0.21812461843960543 5
-0.4439055649376724 1.0954301813687857 8
2.291051586540207 0.6888090945894093 7
-3.168781720171813 -3.383896633553152 0
-0.8164082880322825 0.11797531832321181 3
-1.8310504527234932 -0.2449315448153742 5
1.7364106978425276 -1.6243406826076712 4
0.7434339315339945 0.4309197067083446 5
2.6243767274607768 -1.2129852344942107 9
-1.8232690178180264 0.4338376736696261 6
2.3962855519838553 -1.9365055192121938 7
-0.08411189534379714 3.9049017592349036 1
3.567868584032513 -1.3234702958614397 9
-1.0869899442536715 2.6404296960096096 6
0.5242182828499163 4.585451653280235 1
-1.1291053221159035 -0.14026984386259403 3
0.5166641169433341 2.1201181332861614 8
-1.5254672380025152 0.31497445967736964 3
3.5878846245304006 -2.189159289925884 9
0.4741224535538137 2.1807667897063077 1
-0.47289749921654706 -0.150889032916195 2
4.40164314624414 -2.2123540137501436 7
3.7992979938981355 0.3543706517382817 7
-1.33208975512457 -1.8035892129438453 7
-1.7087693918096303 -1.6612199698174717 0
-1.1758587815706616 0.08193041441933357 2
-0.572358757091202 2.093920574191903 3
0.40626874217038467 2.542955988492183 1
0.13492627161690834 4.774489869715112 1
0.9575088861211163 -0.8323814688676531 4
-1.378821485399753 -0.5514682741350826 2
-1.2934129837938626 0.23850856555425443 5
-1.026347998294325 2.184490093143812 6
-0.9980983095087482 1.299714930225389 0
2.964655270196002 -2.25773834953182 9
-3.3319191676223983 -1.7718449387456459 6
-1.3327958553706234 -0.05496136505439727 2
-1.1074398983477691 0.7318829831570195 8
2.6454055437665036 -1.32163448336199 9
-1.7646948012006052 1.2818762143227544 2
-1.0750991915457544 1.5388218837593644 3
-0.6755522735610681 0.24667828325127697 3
-2.719177347547915 -1.190080450763337 6
2.6035412764511396 -1.6951146116752445 9
1.002406692547334 1.316546152330317 1
0.3830716550156371 0.6360161631468049 4
-0.3623979294917081 1.0667935471085082 3
0.19995573955000126 0.42723041756848545 3
-3.8111670181382644 -2.8007892455145478 0
2.7424423810874354 -1.1618272812327055 7
3.0294424620578964 -0.9060285498915794 7
0.33979693427329805 2.5684420589681007 1
3.888725037621987 -2.182675837511533 7
3.303992289133074 -0.907507548873096 7
2.369464192981461 -0.5735589874908874 3
-3.9777525764604795 -0.7135491640981257 6
-0.09266922457850649 -0.3480820447881685 4
3.97087604212866 -1.7991447518871084 9
-0.45385179341972054 -0.1688503815463406 5
2.150946359434296 -1.3015673636146994 4
1.0189884141952732 -0.8362114397664917 4
1.5870455312928737 1.1235875441067507 2
2.40668186628597 -0.4760195960192075 7
3.619035942311965 -1.2206924614862809 9
-1.3634406239413155 -1.2031967529822367 0
2.66695878286677 -1.021802256544844 9
-0.24129176174273512 0.2242132912081088 8
1.4319741504064576 -0.5314584807672262 4
2.4182388858030843 -1.3845323604693884 4
4.024245599817769 -0.8782084531147334 9
0.5265916862891065 4.273936107589164 1
-1.1567584348657813 0.7786778211096205 2
0.6175326414782698 -3.099406834274531 4
1.7520581694832977 0.17797056603635256 9
0.07142760964179821 1.457086634078776 3
-3.1002109482932116 -2.4930905956641083 0
0.9519980956751565 -1.6410481251267335 4
-0.15419736600647418 3.5428171666668336 1
-1.9736642593862717 -0.8378663268168526 6
-2.1665505259722737 1.5171569078913552 2
-2.023009625919901 -0.9079594261672145 6
-1.377624855469861 2.401166225271559 3
3.8161815921473172 -1.763149152344034 7
2.219112393269885 -1.0754624708870375 4
-0.7780467273530204 1.6855239613353254 2
-3.54736648634959 -2.6749412700132678 6
-1.2333296664027258 -1.293168619457293 6
5.210519104156166 -1.862306397595224 7
0.8724615936117501 3.8543097836039157 1
-1.837238515605041 -0.30631640070816746 8
3.3022920622916176 -0.5618806075515674 9
-2.6902831582616997 -2.1641261068307287 0
0.7728620573537351 -0.8297832689603607 4
0.1613339725587123 4.1507816503304396 1
1.5036431376739157 -1.103199973469636 4
-2.6680054997619185 2.182038916256009 2
0.629274328579235 4.351783722363533 1
-0.8747237987079999 2.6616487368352324 3
-2.9274186925374677 -0.848453408392226 6
2.2690499440529734 -1.2330740178512787 4
-0.8896558234069344 -1.8233820459657748 6
4.3958104246277525 -1.2628639250692166 7
-1.912767108619033 -0.10006176324718281 5
-1.419156022941527 0.5887349110040014 8
4.364724270507237 -2.3977212264559724 7
-2.7925924998591025 -2.5397221660502627 0
-0.4521221300076476 -0.941577539755663 5
0.0810937391463323 3.485118872229098 1
2.0479056735529926 -1.152770085679744 4
-0.7426388187164344 1.6039600704056205 2
-0.2291995642970451 2.648246942148007 8
0.6999742326642957 -2.7677470856135042 4
3.2832761362294107 -1.9919002565950459 7
4.193162441297343 -1.4740381293714948 7
-0.6314483525471132 1.1055703781962007 3
-0.9716050559372745 -1.229110459227859 8
1.146874328388518 -1.6943130494970144 4
2.4816385372370124 -1.4231010543535005 9
-1.1708103340550131 0.941338134567831 5
-0.24740547214188544 -1.2571072141875188 8
-1.9835342069458 0.17549879134439578 6
3.6594118738895114 -2.8782077738673766 7
-1.2008147282391715 2.257617557230644 3
1.1918688760384215 0.6752660880470522 4
-2.3322060689776913 -0.2584513205600756 6
3.3037125378121193 -0.36232778716385017 7
1.1143865988559105 3.9755769883369236 1
5.065407894938957 -2.183678328872997 7
1.501489063522928 -1.6952402414028127 4
-0.9608632077850842 2.2320863301486678 3
-0.57177145638152 0.49552411636592775 3
2.1331686034617756 0.1604842606571421 9
-1.0545976749819017 -0.17112109736664552 8
-0.6520570581902393 0.6043150156944503 8
0.831355663836792 4.321552544753288 1
-0.3823479383418981 -2.876576275471993 8
-0.7111070511160177 0.4140386946997557 6
-1.5842717894413596 1.0323969763472698 3
0.9611823589336828 2.9162052136677734 1
1.7689270631851017 5.361359546127374 1
1.1626721277036838 -0.6814944372934202 3
-1.868565805016699 -0.7607064977693639 5
-1.1292842050812975 3.3223523816301643 2
-0.7655450344783445 0.8313337476076855 8
-0.5874737814057748 -1.0697045496295399 4
-1.3701857931980062 2.861931508646521 2
2.5546570060179246 -1.2707604618392836 9
3.8262892486399727 0.10495220182416272 7
1.1516384755446158 4.297164336878503 1
3.465185246460076 -1.6831309714259657 4
-0.24349070035230583 2.03069895669408 8
-1.6051346731061569 2.9509205517510284 2
2.2453046961466865 -0.9452505178231186 9
-4.296238022530574 -2.513258835912538 6
1.219063652012523 -0.733890643272026 4
0.90723793349215 3.1601762723821882 1
1.2109395866377717 -0.7767303877921103 3
2.96504581508732 -1.055367063503293 4
-2.493126374676952 0.4020112310722565 2
-1.4555521839615284 0.4628903008768164 5
-1.1409369124367998 0.9120767150601568 2
-1.9683836403751809 0.2632650373707738 5
-2.420662025046741 0.44778073239362753 6
-1.9533339180027995 -0.46592011767512626 8
-2.8530744766873513 -3.055492381080736 0
-1.019099211485056 -1.218462682390109 6
-0.3353940424231072 4.186615781619928 2
1.919575833432738 -1.740840102850862 4
1.0427240115277328 -2.230247221856052 9
2.5148737387511844 -1.0621507548462883 4
3.5879887657572795 -1.8402993773863565 9
3.23922047577058 -1.4936603655509306 4
-1.606163525303542 -2.4508025448136217 5
0.2660966269769344 3.502199602287367 1
-2.315344839295824 -0.3101590900512913 5
-0.8280508989084309 0.5646966461824955 8
1.9613485164627196 -0.899503774622897 4
3.147703753780701 0.6594979229698485 7
-0.04921652511059387 -0.8567804844715405 9
-1.2375244818590025 1.3488095266455256 5
2.05605653036152 -0.7613678572093431 9
-0.37986454999486796 1.5721590632833025 5
3.4885679917757777 -1.1952130411422552 9
1.0596067905863011 3.014978324836575 1
-0.5529994436659533 0.2470885939173387 5
-0.7560360035244643 1.1005615630754382 8
0.46672808058520543 1.6395417367690988 3
2.674494890590105 -1.5031704442683562 9
2.3825689057316697 -1.2157237618856118 9
-0.012587798205627618 2.9950002986804565 1
0.235361202379947 0.9342777644335416 8
-1.4570107860858332 1.115693143072467 3
-1.0206232636169312 0.28219415860709074 8
-2.749239931075273 -1.3632294625143866 6
-1.4544619016567342 -0.305144233400892 5
0.1421898584347298 -0.2776173362616749 2
3.1349947155059867 -1.2872063802791507 7
-1.1537207843372432 0.4721508219366527 2
1.6001449811111894 0.06547509595207468 7
-4.7324210616985845 -1.8421601695528838 6
-2.1532970094909767 -2.4993920573165673 0
2.6654039341781774 -1.8559613949634506 9
3.115691412355145 -2.790308042583812 7
2.8673468422879824 -0.16073004176307842 9
1.6417217118158451 -0.4817611820918426 4
-0.3041376988915413 1.0928649066703513 6
-2.6087547297535307 -2.355767605480994 0
-1.2043741031312187 0.4384669833206938 5
-0.5871648133352885 0.9793046479271122 3
-1.6812691472573529 -0.6613066601100943 5
3.83225440431226 -2.897762588346893 7
-1.5716099606445246 1.3424644742517657 3
2.996505455671256 -0.8490208347518438 9
-1.8123328015827793 2.1779832916554147 3
-1.8732221987359567 -0.34172524398196863 6
-2.203776940695886 -1.9800875370072337 8
0.34848640713600265 1.1378062733524046 3
0.5271971192810588 4.006083633620934 1
4.1202074032284965 -2.0041112077940264 7
-3.7322204672971773 -0.45847163310909944 6
-2.4956356095025027 1.1685392326832458 5
-1.0973662603504732 1.179696593524555 5
4.390803221090313 -1.7454304608440363 7
-3.746668348868827 -0.8709146036126981 6
-1.0645683717799392 -1.2519235237274429 5
-0.41787629330392195 -0.418289240392156 8
-2.1181048724894143 -0.13508544134181066 2
-0.32240216808283895 2.929821499515074 1
4.750835352006414 -2.0948964155726375 7
2.118607973506813 -0.7061791161854065 9
-1.4790842449513806 4.891240339145408 2
2.671650012140097 -0.8902302797211573 7
-0.08899841621933222 2.1296260508592484 3
-2.3243938515135705 0.23978522857377832 6
3.7473385064046023 -0.7402696965641833 7
-0.7727233259769145 1.002127830522072 8
-1.384885610977723 -0.13313494678859758 5
-0.26094566742313446 3.7160388880116564 3
2.375908848068637 0.21835431939853608 7
4.326722322310408 -2.659489199457769 7
-0.4249246662198281 0.9112123060093024 8
1.9304954543249397 -1.5574754110308697 4
-2.465859274253252 -2.7405780813725165 0
3.3187223926396925 -0.9966300884687519 7
1.02065679218144 0.8768010350155215 3
-2.0791618932079317 -2.07657495141565 0
-1.8427849013479087 1.7420465366843425 6
-1.3847407135960677 2.0415189380568957 3
-0.7949551193767168 -0.18072668858179491 9
5.379765750891109 -2.495629693008065 7
0.5734077349532851 4.895815637187646 1
2.9242087625117184 -1.0356597194083441 9
-0.413799785377872 -2.1144363573833065 5
-0.7638882745052 1.599706481010974 3
-3.360924676582974 -1.3982351893315317 6
-3.276211936616416 -1.9146224144903496 0
0.4891308281198706 -0.5835336364966323 9
1.022108717852167 -0.19215667257851232 2
-0.599622307589411 1.6234739289610187 8
-4.90704745697234 -3.8949671022642796 0
0.21235337987723255 0.013648412517540343 9
1.4567034474803167 3.480869403082428 1
-3.6121077027812873 -1.3988701173414129 6
-6.493192889000123 -4.3886633247443045 0
-3.1320010890237047 -3.40271901462958 0
-0.5216673405594242 3.0847471811836513 1
2.3337204566206844 -0.907753931117946 9
-3.7369984706395534 -3.0029838659179195 0
-3.3353615196650446 -4.362651308493696 0
2.2004714705565993 -0.8815121295289068 4
-1.1930378801290853 0.08753805014584214 2
1.2501015920411394 3.554273604318516 1
2.6358395215609063 -2.4432529716928406 7
-1.7759399849381885 -1.9846200480503935 0
-0.9698352480398041 0.49241982581251154 3
1.9925889635356895 -0.7122708272638781 4
3.203241914430984 0.13607717418341192 4
4.736917898219364 -1.965941481758444 7
1.155680081918417 -2.6572464378886615 5
3.1553236433737926 -0.9215455144636207 9
-0.9075097573666338 1.5616906728468412 8
-1.215865844738656 1.9343483167232811 2
-3.302679044446964 -2.7816190192073154 0
-1.2529878681645554 0.0909944543532881 0
-1.848078575544477 -1.4743284029805785 8
-1.835116555769257 1.0660378523007317 6
0.03469180725937489 1.3028074986913483 2
-1.831538794176792 1.2417213939436282 2
1.9808579353715539 -1.8116039632090166 7
-1.35229360685641 0.0027815616219836856 6
1.2930824978953661 4.38444599842872 1
-2.1043401416544745 1.2313069811267368 2
2.25195014189306 -1.1976256945242714 9
-2.0920912162994636 3.404177317402984 2
-2.832858412847026 0.06978170090404304 6
2.8453841875430537 -1.328524650020187 9
2.8265417857207535 1.9984082245071488 7
2.760101325321207 -1.1936130782663126 9
1.9855173143079528 0.8067693695621011 5
-3.1485399528479787 -3.11522594163963 0
-3.0961517865972046 -0.8510858642707464 8
0.6619630105911584 2.7879592747253916 1
-0.035107771637426156 -0.6147634331497887 5
-1.0984977579034019 0.9648729468006415 2
1.9342602628564105 -0.8204715673835793 4
-1.2401081597644381 1.15878630977329 3
1.4407103310187916 -0.570833231957361 9
0.23971736032159333 -1.4049123278338942 4
2.202660583426177 -2.8699328695987303 7
-1.9312983308838918 -0.2007688161385714 5
-1.048641501683515 -1.6640500821020436 6
-4.712989964139448 -1.4476265688611483 6
4.648657267224921 -2.151518135369347 7
4.500537255628416 -2.1076346790562384 7
-2.720593709780552 0.010907018091852877 6
0.14913512295127462 3.414813637815901 8
-1.215482226195853 -1.4126904532246403 5
3.1957065012682335 -0.4358180877281848 9
2.9193857762960027 -1.495127595024425 7
0.5818022861437359 -1.7753530270910474 0
-3.3887576198708906 -1.755510749857413 6
0.23324576708141043 4.1429735403526715 1
3.5685752932641797 -0.4108938406408424 9
-0.5062439715900241 1.9591619634748447 2
-0.2103881381981318 -0.17005520321706605 3
-0.788700333317894 0.244373900688458 3
-1.021947425157311 -1.325640958277123 5
2.4133641052916417 -1.2054609474613152 4
-0.1761493575278336 1.272436960849593 3
-0.9949559181824073 0.6818137558701541 5
-0.41513882684462744 0.6724929128854523 8
-3.6571586652819055 -1.489217794941372 6
0.7820435188349077 2.1252239206783363 3
3.020322765419978 -3.765114356241088 7
-1.549276230675883 1.5673110892551625 2
-0.2397287236037918 2.7200803995509557 8
1.0036567485538919 -0.5069589384381608 4
3.3136710452561906 -0.42319499175227526 9
-0.4697643064326712 -0.03527827250841314 5
-3.021060319912428 -2.7517027153417057 0
-2.226400410405535 0.4899259372699464 2
0.6982137712929483 4.188032039686764 1
2.774042845833699 -1.3761470929024653 4
0.05611399602135284 1.151627556808415 2
-0.26473138992667955 -2.946159209978491 4
-1.4242980811821189 -1.3144109736500051 3
0.5044781084701255 4.231329274592561 1
4.150001374570273 -2.143805849605823 7
0.6139456077990545 3.688091778014714 1
-0.4411932456058867 2.424531318996976 8
-2.5220770433320014 -1.5991510153661064 0
1.934152047854763 0.5997272520831153 9
-2.9544659404327165 -0.6807287238109336 6
-0.06507081445921514 1.255450413503982 8
0.2568562238627978 4.688784081147322 1
3.0873853927375494 -0.5344227887453652 9
1.568500062541641 -0.14139508478546708 4
0.5844402895045466 1.2354525407893382 4
2.193480996428575 -1.5345278708529733 9
0.8280719709153541 2.536698283718756 1
-0.3525039500406382 1.4115975007829715 8
2.363430472570076 -0.11246111299670657 9
-2.771905638142615 -1.2265746789195668 6
-1.206638082640828 0.41696656435547513 5
0.7474154545104897 -1.3886771405950324 5
-1.6764931789597497 0.29272497384364715 3
-0.3811380437645797 0.7263669294344295 3
-4.805536329002549 -3.56621114208232 0
0.4494517312749467 3.9274347188779766 1
0.8818548094506995 2.443413509308987 4
-0.4752419356027569 1.1156010941790764 3
-0.9536645141852549 0.8192783962037273 8
0.3600953460897309 0.4485307208867573 3
-0.1678864601959304 0.46977971565892557 4
-2.729396124679637 0.5025091534922103 2
-2.6446111386186204 -3.3828073383887203 0
1.449514311995279 -2.725929562642874 7
-0.999637804026988 0.6452251547755908 5
-0.8576957472049144 0.20893467688534906 5
0.4929346455627155 3.6551813273559706 1
-1.3407799281913162 -0.3498008103347511 8
-1.1658046799243633 0.5387760615763969 5
-0.42558537555833603 1.1687921947933746 3
1.7989605573127947 -0.45361281221490624 4
-1.8935407602484904 1.7071266570569235 6
-2.7715923081990375 -4.309650209492954 0
-1.5621525595932915 -0.9081587363456355 5
2.6939246815751714 -0.9792429495771476 7
-1.2791094351473322 2.0401579864404242 2
-1.9180511436302123 -1.5670450876181266 6
-2.443049923559534 0.20380559038677384 6
-1.630081888199793 -4.496016532624289 0
0.327342945056621 4.548500390570942 1
1.2155874719726172 3.986756993161626 1
2.0782509623698115 -0.8185577175348752 4
3.873614206278948 -2.1900948332962873 7
2.480510994264566 -1.001317272466061 9
-1.4554771486537303 -3.588654573419831 0
-3.7317150157614294 -3.244739622885556 0
-2.5673167502200998 0.8069435474209019 6
-1.9781102067756533 0.24882856397065026 6
-1.0417186642638425 0.36768478751093636 8
-0.9266368516784173 0.06978291582450691 6
2.826259631759322 -0.4861958731400695 9
1.7646207792103805 -1.4591282437337343 4
-0.9101362833791956 0.7549734880888092 5
0.41345830240101294 0.41139868850929084 2
1.4665579298354112 0.04230644804936351 4
-0.5936667452888149 -0.32328712302557416 0
4.2099924299777625 -2.4863369057130273 7
0.7331140660695482 -1.2448543437312585 5
-2.537545168507447 -0.6987631364982533 6
-1.0509200957226166 0.37299021214197164 5
-2.805215451361972 -3.084087320576129 0
2.3654497507779695 1.0204683453336636 9
-0.3800226928719057 2.784312969743345 8
-1.9785091896670075 0.42099820612886013 6
1.0170150981784205 3.3106597788060146 1
1.913151917258941 -1.3016431249339593 9
4.160284280418943 -2.1086449075148996 7
-1.3007059105468612 0.5319404850642822 5
4.10235613088734 -1.8104503617952006 7
0.20148183897864494 -0.3646402699172384 5
0.6055901195622236 4.370331721673063 1
1.1560426547688274 4.601415488174603 1
1.0056345425823545 0.893826908432833 3
-2.8852166551725755 -1.7520793190415849 0
0.7661612797471374 -0.1708346604458196 2
-3.2821210937272136 -2.152325172294997 0
-1.0344952162516636 0.11446802579732145 3
0.2205073657774663 -0.08636563981850687 8
-0.36024514680380926 2.2197652565831696 1
-2.496428828878987 -1.0137718875999828 6
1.0396321959286328 -1.364794184096261 4
-2.0143566108707343 -0.07866124337768578 6
0.9672373191543922 1.0579300890249834 2
-2.5944500179466266 -1.2364568336223392 6
2.291413648973173 0.009589415263751507 4
-0.04950463335763552 1.6730282100850506 8
-0.4148199174996629 0.7991578398449205 8
0.13426906718117088 4.4129615807059235 1
1.0993669861726119 2.42325356830452 4
1.6827578670109598 -0.9331453985497821 4
3.2532209757100325 -1.0023763109312376 7
0.2550054297382392 4.515334751231633 1
-0.2525999116737792 1.0108025370428961 2
-3.382291818961727 2.0936864603956935 2
-0.9671742083536303 0.2821286456854313 3
2.4940931249907536 -0.9352568234278774 9
-3.25444656884695 -0.7322874124957909 6
-0.0804616858961008 1.709804133952251 4
3.3881819722160733 -1.524973700762801 9
-1.2412120207343567 -0.9121205939736782 5
-1.6698657842952935 0.7529933755077545 6
-3.877528365668352 0.5042037215184312 2
-0.3603076687879849 0.05265783405207579 3
3.4273235064443557 -0.9452710725038486 9
-0.14396138028329453 0.8562888240797376 2
-1.727014245253815 -0.3266506422726789 6
0.2697397083494116 1.1986462241743443 2
4.540357784805725 -1.6275183532307533 7
1.6800124484358099 -0.43730420630088085 4
0.030339103507587624 0.054934110069039005 3
-4.106336487583094 -1.0333464626677458 6
0.3337753371482419 -2.606905454922606 4
2.6580004981952174 -0.015553844924358334 9
2.8596980046631244 -1.7197932796526214 7
-1.601522683704364 -3.180197487386274 0
-0.6227206909008377 3.586981266915573 2
1.8726660954717247 -1.0617618292107946 2
2.9303226703724916 -1.895211537230963 9
-0.8151202022498342 -0.2806293824735336 5
1.5639953632772479 -0.9865451766382655 4
-1.0210690946206415 -0.06307963896343516 5
-2.696208437488239 -3.2492180313711994 0
1.343866073848514 4.170945682842461 1
2.30335835037367 -2.3305975064461273 4
-0.7825967781899819 0.6617604408060358 3
-1.6334235129642052 -0.6173346157212236 6
-1.0883163766937536 0.8852849737303218 3
-0.48441815636679925 1.4419849374312719 2
3.1540983906562525 -0.8246412094316057 9
1.3215539093523954 0.04606478691277758 7
-1.355407104578453 0.41420044021465124 5
-1.1360654188690835 1.2022923595112236 3
1.9574093217128024 -1.9581794070292389 7
-3.538096128746815 -1.9433002536728428 0
2.395606546441121 -1.6388204224525496 9
-0.19514546123447316 -0.6485431865747888 5
-1.0665549096547742 0.7794239295061404 8
-0.6523672734928775 0.952908825928266 3
1.1086341180662493 1.052925480141624 2
-4.147186335504989 -2.143242466513991 0
1.4366848030560062 3.0086969409266335 1
-0.21542020485423524 0.5060971608813072 8
-0.38413715469858156 0.17548068229004277 3
-2.5598160937402326 -1.0135515740442274 0
0.49048802616731574 3.8743615688609987 1
-1.4697929798016136 2.7008749052062715 2
-0.30178843598616073 0.4836059779513989 3
2.5116050008405164 -1.6683738972003648 4
-2.627307959597514 -3.245419472826461 0
-3.160172194858868 -2.421969378531086 0
1.1859263874300623 3.553611747171931 1
2.992976537166713 -2.2467622007578503 7
-2.824660152992614 2.262359722625398 2
2.521047736411567 -0.14775600486017185 9
-0.6062765890365089 0.6206869575732994 3
2.5568974870571743 -0.1549150846599236 9
2.2360771487912987 -1.6290031044814282 4
0.10437332467430531 0.4840590826162472 2
-0.8922864872370366 -0.39249840788309753 5
-1.0363990599080057 -0.490829476928598 8
-2.9664495088305918 -1.4698048310997338 6
0.5852303975732033 -1.4965338349670778 7
3.351631729907822 -2.064232425852205 7
3.7906006620608323 -1.5091115434243318 9
-0.44555519249987097 1.0315320297445374 8
2.0905896541547615 -2.624527574222336 9
2.1349666791246076 -1.0825127014554878 9
-1.5124740512954957 1.1711203954500025 2
-2.928988555577739 -3.0798433944247248 0
-1.9771286188197887 -2.10519702535914 0
1.003218950713235 3.0771934423793237 1
3.7699442466554527 -1.713583561827366 4
-2.101006821475118 2.876517882075172 2
1.6024522146837181 -1.1313344698998997 4
-0.6873637491257739 1.2985465579786872 3
2.922888440442095 -1.6016341555641094 9
2.2107639115321516 -1.4570579941229516 4
0.12025239834984387 0.6831533342615598 3
-1.0988846839926116 -0.3421440538467335 5
4.487323650917573 -1.9306783042054814 7
-3.458321140508156 0.020752259640904023 6
-1.1922421239185204 -0.8697532825643692 5
3.4714474358681615 -1.844100345557593 7
0.4245542476651874 5.045917209136302 1
-0.4445568030323995 1.0852943275620632 8
-2.6475384582665686 -1.3313704868830953 6
2.724528252843741 -1.0794481531723252 9
-0.06727235841793379 0.9233298258056731 3
-3.853959237130435 -2.5682629050096146 0
2.3388954498742507 -0.9846481691780905 4
0.2340633032713229 4.274688650817412 1
-0.48700633544367056 0.4981029717928456 2
-1.5364380263185724 2.3885548348159342 2
-0.989697469209871 -0.5583915651332885 5
-1.5971238340539746 -0.12182989566147061 3
0.00453843709864317 -0.9718072525508846 7
2.3322655236565044 -1.3083185855304988 4
0.5181926719771899 4.39307716484768 1
2.7450334104217795 -1.6947312986732652 7
2.0554543901170397 1.9705626118985897 7
-0.4855669855037434 2.415869088225741 8
0.7105921648482169 4.31736456960577 1
2.7000499937683933 -1.1179539349584473 9
-1.0970092815105168 1.3895413560152994 2
-3.1228056466877767 1.0244044312728589 3
-1.2057323181457797 -1.1283358572229107 2
2.8004861535984995 -1.1267746652902624 4
-5.1684083469427895 -4.428548853887652 0
0.18026499958316436 4.011906688535765 1
1.0100658584328772 -0.8385229281657886 8
2.3466009594757935 -0.5012356572171656 4
-0.12447675295650722 1.6541986751941193 3
-2.549212256895557 -0.27353604584791114 6
-0.9562681263962166 -0.7023855757294493 5
-2.525742670171599 -0.8845578880678198 6
1.9023673264708347 -0.32890656074628355 4
3.5969408090238755 -1.776489586475327 7
-1.8431879702874745 -2.4160582938134825 9
-1.1151827057738346 0.2565529965823118 3
1.613484970430591 2.8095341510937955 1
-0.41678429217527746 -0.20487788989954134 3
-4.642038199141258 -4.60165275771707 0
-2.754889677235089 0.8189491061227189 2
1.1175134820956147 3.703934779945715 1
0.907447856125554 3.44760791837616 1
-1.6238456678472026 -1.6646273440837713 0
0.32066470980171724 -1.8786197004705865 9
3.377845294594307 -1.641629596544333 9
0.8579561448852533 -1.0654328625572929 4
-2.574717029388461 -0.8788730181506654 6
3.8536513091254903 -1.9402018658886322 7
-3.754282410666069 -2.508312935249106 6
-0.3136418440694402 0.9224116081201871 3
-0.8996013798926983 -0.3506134450075247 5
-1.5549087706116225 0.46058032903035206 5
2.7603194672906315 -1.829326786704042 4
2.960833722739232 -0.8389792793063507 4
-1.7400149452774691 -0.3734073776511687 6
2.6681337353698096 -1.3633182565690287 9
0.6931187295554772 3.9541637760515447 1
0.608496958660762 4.199178184042245 1
-0.6217642390282184 1.239603705345045 3
0.11466743936237328 4.3811523248552975 1
1.0210788273918812 4.81829044829729 1
-2.7189205397909078 -3.2687179873228676 0
-1.7839278814378605 -1.8799780729033664 5
0.8500097286672454 3.9836270310821313 1
1.3440206471360288 1.133828475651475 4
2.5229074515669305 -0.5160021045545543 4
-2.3539734649427775 -0.33297770359075035 6
-2.4692639162518906 0.7371649560363998 6
-2.3811600118946017 -0.829224088847514 6
-3.858003520864055 -3.328199137525891 0
0.9067922745608458 4.577011599440686 1
-1.7635332635017693 5.163040047067944 2
-2.670202946893806 -3.613668938747269 0
-0.8074136277579741 0.5790184693814916 8
0.3217780737943797 -0.49939449285805254 2
-1.7985456939774027 1.2394310790104546 2
0.19998176877081333 3.570857688757486 1
0.30910891127915036 4.638204911602009 1
-1.7638812291490655 0.7277679420709309 3
2.9877872423851453 -1.8978101981117377 7
2.07523750103283 -0.9295514553131806 9
-0.5957358470161229 -0.25865158193018545 5
-0.3267570760156303 3.4797763183291344 3
-3.9823884832624987 -3.5243128863557582 0
-2.7623724834561147 0.029063061623469538 2
-4.1562403247068165 -3.340264107090429 0
-1.8235362955126813 -2.282475883561804 6
-2.945309630996479 2.1827452510355436 2
3.4100231356404604 -0.6928500854070524 9
-2.8798389210672575 -3.5435514552079517 0
3.8052768620192863 -1.7800320397643015 7
-3.7189101017930093 -0.3389586143909788 6
1.6377010169750885 -0.9091537572440236 9
3.252370316789381 -1.1490736489065267 9
0.06532513049455409 4.008925228750756 1
-1.4040909006759519 2.647197627796428 2
2.386172006425143 -1.4592272720722688 9
-0.6699904343590022 0.2674750832786315 3
2.224733687154876 -1.6689745228975106 4
3.8348081875712277 -1.7767573517406596 7
1.453845514114936 -1.5642069298894639 9
-2.5045142513819734 -0.07625411796771107 6
-4.597670014468106 -3.157342852428661 0
3.1714430932271878 -1.363288463184675 9
0.9127476543782186 1.954777054520543 4
-0.5423417991285845 1.043032821691061 8
4.336821183404218 -1.9454948182499971 7
3.6722577062813095 -2.083796675518144 7
3.5635443259507773 -1.2249260096996677 9
-0.7236671373303764 0.8961234673878978 8
-0.5642807117814705 1.7007607311065618 6
3.334817829290691 -0.9463557424123736 9
0.26709801547481576 -0.8990860832291966 5
-2.3488149775016045 2.235546145146015 2
-0.12153598581960175 0.9279546684105374 2
-1.7863620410680057 1.473320669057869 2
-0.8550137565813463 2.6237361749643995 3
3.0226423797935422 -1.3860041396759026 9
-0.190025075672237 2.5390585149368814 8
0.4362345067703353 -0.881675146257909 8
-1.097061769064078 0.6878889462213982 8
-1.954025318839378 0.40952022193985355 6
1.7704043999514227 -1.5180215740511396 4
2.0069042886450594 -0.8491889736028965 4
0.7985021786845958 -0.1193951320271817 4
2.437462059543846 -0.5875375529122681 4
-2.2864684463696747 -0.5061746526773668 2
1.7475593832337397 -1.6216290778471787 4
-0.7402533691165665 -0.3073327406441717 6
-2.997918993500736 -2.2602433043954075 0
2.833308625734935 -1.5580402054871736 7
-4.043568682058935 -2.598151047943566 0
2.243334647204445 1.9706677071099317 7
-0.3771787252687903 2.735438136547293 8
-2.1323529649119655 0.2260654617830346 2
-4.208942561780503 -3.5024147728142965 0
-0.6177579499305567 0.10861441362908562 8
-0.6604851378162809 1.1913110929901842 8
-0.27579415428212695 0.5217157844801892 3
-2.613411311721408 0.23188423932067082 6
-1.5191457403436657 1.3052234145818933 8
-2.378688229293828 -0.22506987190398084 6
-1.5119733492951581 0.22024241985483484 6
-0.5406015031953636 1.1648783200200281 8
-1.81419542192282 -1.785469258287332 6
-0.9864661039209444 -0.016345095182299974 5
0.4858983589252275 3.3345256337600895 1
0.46756995089906306 4.262461550352184 1
-0.47886885547322894 0.4423745648766274 8
2.9501640396653777 -1.5581937837331319 7
-0.46408996288455123 0.4546145544091933 8
-0.519286217772337 0.5842854081588562 3
-0.20155904171033923 1.656351697415031 6
-0.6317076102360072 1.0559003771313096 8
3.58203920286396 -1.3672680915621864 9
-1.537845674591173 -1.1383940697837918 5
-1.8117798130352916 -1.312309625828673 0
-3.041247968922218 -3.0233962693624763 0
-3.236215758864617 -2.1624280000874285 0
-0.22047383551541289 1.0629323575091616 3
-0.1871975791721031 0.3547562733010245 2
-2.6895988579916406 -0.3937638827796217 6
-2.9958938304014073 -0.7163629969533163 6
2.9083706912057568 -1.9949388871052394 7
2.067725289807201 -0.6360287713560836 8
-0.8634483158713833 0.7834097702982032 3
-0.7238634364431573 0.1169419415342237 5
0.644526044700698 4.5391593126123455 1
1.8743387158024583 -1.1374196066083666 4
-0.952195752574507 1.4715631404751752 3
-1.0218477974770293 -1.2962456988234266 5
4.0520514825097615 -1.4683564743122204 9
0.15821408924821606 1.7207468304196327 4
-0.45725434873728954 0.7014867770329583 5
-2.164264593620746 0.43293155382120546 4
0.009704307713733557 3.4316276623446735 1
1.0168541608508206 4.067134127917212 1
-0.8104758485512137 -0.8956492168311196 5
1.1314611951680489 -1.194857014427448 4
-3.462929488838496 -3.2263012053011333 0
2.479187059914004 1.0919998095324612 9
2.074159619601114 -1.1985457703447069 7
0.18815901122085313 4.6651911739287915 1
-0.46095163402394596 0.8216629361857654 2
-2.009551923893578 0.5760459152646972 5
3.0402784956670557 -1.955090937781924 7
3.4831575467910096 -0.8121593519841568 9
1.3992264049142564 -1.5955246384047783 4
-4.647166393254485 -5.019526530082867 0
-1.1372850075707785 1.3729164018884101 3
-2.12135265852196 -1.9713055736753107 6
0.049813849133101766 3.6717624538749423 1
2.9103994129792135 0.23138403150219483 7
3.5391540599683284 -2.2067665870868574 7
-2.232022349538281 -0.9738190138778774 5
-2.5171628881161463 0.06126098240286821 6
-0.09605333092857829 1.8244596901524006 3
-3.8412361230757277 -3.9046838631825866 0
0.9746905427401494 4.796093911919029 1
0.4976187417588735 3.538095100487276 1
2.409760175670676 -0.45138435558876805 4
-1.2053834044595009 2.708513558221598 2
1.9406036515945597 -0.8662031588875533 4
-0.6962987224446859 0.6136728408223857 3
-3.565374161106261 -1.5062563108484803 6
0.35451041002748307 -1.9181082382200798 4
1.6597101557024312 2.413318469375358 7
-2.468724188534695 -0.8599237867051113 5
4.320817488295641 -2.160500038402578 7
-1.6613023970147969 -1.2381252321495941 6
1.4738497151572452 -0.9818276380151224 9
5.069024767150452 -3.373545446815324 7
-1.738141497008022 1.583222194699279 2
-0.8205048629492443 0.17422575073253507 8
1.6764558700323378 -1.4502396103453503 4
3.4451659244340664 -1.4531650016861082 9
-0.5115219256908209 0.04203416638898125 8
-4.115871186772877 -3.2693045865154486 0
2.9831131009232044 -1.176383748303885 7
-0.9214175230774182 3.317205619060089 1
-0.15364667128023526 3.4190322405138818 1
-1.8545835883323705 2.2760437692772486 2
-0.036709479990774174 1.6054251360267238 3
1.678515947555148 -0.21294235319209764 3
-0.6024195876820259 0.8790929064333796 5
3.499371946210637 0.21465864250067673 4
-2.1837169300101777 -0.6162546969988443 6
0.48460773227338305 -1.6284397341086785 5
-3.255201066801644 -3.0161413981397134 0
-0.9863770169226154 1.3483544942208971 6
0.10015490708301537 -0.29009545504652795 3
5.762855995696266 -3.07792641517197 7
-0.7193106388562875 0.49559120320231104 3
-2.5596082482565516 0.2988977547835727 8
-2.9702352071638036 3.9608746143741347 2
0.3760338790071629 1.3591198767836243 9
-2.134403799455078 -2.163111067695331 0
-3.3693204459222192 -2.974022511039162 0
3.102570445367856 -1.396734323644825 9
1.5322911399888823 3.906507441631313 1
-2.23735598139152 2.7962489894219886 2
0.7979135850074128 0.1475487603986007 2
2.2599645722981525 -1.2688318902240638 9
-1.5246120597704294 0.3957967053515639 3
2.791988567994732 -1.4477118701838263 9
2.5340535983109373 -0.9848114601871284 4
-0.3325977983762507 -2.2218097911007972 6
-2.013478916391674 -0.5740332561651991 5
-0.32590306232433675 -1.2382279688984876 2
-3.7019600543456694 -1.5325708592576743 6
-1.8126786290526518 -0.2300942080473883 6
4.43956516460738 -2.13690702658602 7
-2.3613529624452334 0.33410747142776437 6
-0.7721463874462184 0.8094144837061241 8
-1.9111399461794847 2.102280969498754 2
3.326507935346654 -1.5096998763756602 9
-0.4999822097938367 0.7482183451638201 2
-4.330514007860642 -3.277970265716077 0
-2.1238652695205684 -0.7960066521279828 6
3.20293214917472 -1.7894581685178206 7
-1.3973215666063645 1.132738922735162 2
-0.4455294399000479 -0.054240479746545715 8
-1.7875264543000045 0.2811985056663269 6
3.6420951349253263 -1.5797583102606794 9
-1.0641719493659787 -1.3880305974415033 0
5.189288109999457 -1.5133138160518562 9
0.3761606778535166 0.6696683648964253 6
-3.6882370702183422 -2.9675691797727053 0
-0.18980571042033975 0.08506927427246504 3
0.37840672746145665 2.9916123407510273 1
0.7903457552067643 4.916993268983209 1
3.177773452910251 -1.350486791700417 4
3.46241160160069 -1.9608036611580866 9
-0.8679772094929851 -0.2914378806305098 5
-1.6807361890550727 -0.23817189964928245 8
0.29700821383833736 4.109607384588073 1
-1.9555887698138472 -2.5888968043603504 0
-4.005794558810256 -0.9560639169673462 6
-0.6911963816169027 0.49885068069431737 6
4.35737219451687 -1.2133795439620851 7
-0.06006586537229354 1.3421211849656955 2
-1.036635175849512 0.6639607484114037 3
2.0817196459457334 -0.4672947825261294 4
-2.3737713178573925 0.9551443202743634 2
1.1358752414090498 -0.3958417177354441 3
2.9639352394676024 -2.08960568581975 9
-4.225534949897814 -3.5859235068099253 0
-3.0295109261867466 -3.844256370401417 0
2.1415717624859476 1.2111510759439803 4
-2.7866365022750488 0.6079014225287218 5
-1.805114190428571 -1.3933336748417133 0
-1.9706442153205572 3.52604653362227 6
2.2094555797249975 -0.9678178718101423 4
5.16743796688323 -2.719464261498911 7
1.820915289212806 -0.8816301810302585 4
-2.217956434104096 1.8123054421303217 3
0.7650330000493532 4.755847677935446 1
3.327648748236806 -0.659363453525018 9
1.154856143131427 0.5136123365045389 3
2.471564731910557 -1.3913793736574005 9
2.3601800278233007 -1.6066906997070458 9
-1.45401735567721 0.9838317361430152 3
0.4635203094560989 4.836662363283857 1
-1.1030760662458854 0.8431789179518259 8
3.461780982843074 -0.6358164254745666 7
0.8710690514004966 4.672921700445778 1
2.6516911362424986 -0.25576836502141664 7
-1.4343830427116777 3.942319001784429 2
0.7247342085524225 -0.7967016949442641 8
3.9469137091095194 -1.3358602738683836 9
2.405749473912984 -2.1869631663596607 9
-2.747219215199694 2.1251591415944455 6
-2.2762773159157845 -0.0625042482540867 2
4.544330124434191 -2.4426917710359075 7
-0.603449997360556 2.63452726982252 2
-3.1193748622959085 0.39003193268461805 5
-3.288240322412448 -3.8412142319191225 0
-2.782425610463121 -0.24309505384017394 6
3.8209964347513097 -1.331612516190496 7
-0.01880420166510556 1.0429225701216078 3
2.7959596040552888 -1.2330734674862307 9
-0.5265434726317799 -1.2458727143911237 5
3.0604207388092153 -1.3663125309502244 9
-3.8157280019124977 -3.0421251846791826 0
-1.5273388377899515 0.0056156969434551455 8
-2.031502239269405 -0.7528374055788055 5
-0.5981303589806906 2.0753147393490132 8
2.577247250139124 -0.9169250570653816 4
3.1369047994039954 -2.376636394725065 9
-1.7372241774763806 -3.762504715427119 0
-0.7175848640052229 -0.5124856040895018 5
-1.1791658692981413 0.9654007291364294 3
-0.21896953741810582 0.9335505873367445 2
2.25883081639303 -1.1369700097082533 4
-0.4596282821012518 0.8854137455561428 8
3.2230166211529685 -2.16065734796321 7
1.9953663575467446 -1.4065611114902252 4
0.9341497076696376 3.860130503990789 1
-0.6829360301139342 0.2611365808129594 5
1.6862226411362222 -1.8903571477709864 4
-1.9992727659722143 -1.8046634326634303 6
-2.7180032679132973 -0.411307923026051 3
2.608983716472832 -1.7872035359175864 7
4.83233407410071 -3.700692656913862 7
2.430192641952925 0.28512966738091733 9
-1.5444251730256402 -0.21885338089431697 6
-3.001275619998348 -0.4956131165753766 6
-1.824427520102489 2.8599151110437173 2
0.4972562830799578 1.9949395324470736 2
1.0740440281924721 3.782875133859293 1
-0.9639548079262421 1.8273588665897345 6
-1.3248439661559386 0.032369146816229565 5
0.475454220555577 -0.17357051100903378 4
-2.859522473462825 -0.1917780272874995 5
0.866907562882032 1.0389184505420637 3
-4.139173992591546 -4.814691487179417 0
-0.5740598952539119 -0.27425310709704437 5
-2.266446790519876 -0.12807078046907555 5
0.6087884974087823 -0.11901638475918534 2
-3.402685352291025 -3.2100371527455187 0
