3.44277432201079 3.3324741229922905 1.347923445468958
3.166362662026977 3.4762080972168805 1.3239520874434851
3.1225655253561695 3.448482530249924 1.561712178706332
3.4103154649068452 2.9600402364332337 1.1498413677940207
3.4202396631866163 3.340323550340888 1.303980718950419
3.160480326009971 3.3456672017029803 1.8297027580023102
3.3069333787549224 3.001961414186341 1.9918401008840152
3.4124563744096634 2.9313447827103216 1.3977538368865243
3.368769431540431 3.1464204286578146 2.138547053921919
3.2306658289711607 2.867937018562533 2.1723284199186232
3.2682953439182203 3.248248599650708 1.6862766823869357
3.1895348654573237 2.789694148450921 1.3792098906004653
3.6096932344090638 3.0863231282632695 1.767668205694811
3.5326419778964837 3.1937328408281407 1.989776952635586
3.279946305644607 3.177219550687778 1.8945238236544792
3.267601621348911 2.8826243736745103 1.3998658991140807
3.460312688480096 2.9292778316480566 2.342015358467685
3.331689249072985 2.8999827140380177 1.3875681286547965
3.492379030901518 2.982673177099176 1.773341679875093
3.684225058609955 2.759961934749551 2.3504816702727283
3.562805074361984 2.6810100503245793 2.269231601537828
3.475747151264783 2.66715533040381 1.97346857911843
3.501456539745354 2.5882329273355147 2.1150706905500485
3.3461688737795066 2.8844033534961273 2.2213184673841995
3.6685653417225086 2.8867016080135346 1.9797924778122256
3.3600283102687607 2.5580670920886237 1.8986039143363596
3.7355029312167023 2.507630840546626 2.200388407570213
3.504828153044882 2.7580487881372644 2.467317290663579
3.474781395347467 2.4817847119038645 1.9976562530389077
3.505196026613762 2.832063493720621 1.7346532831662267
3.680554921504552 2.722216506017484 2.366106495575961
3.6676344664365064 2.6102773993922654 2.1483587461811
3.7704537404342044 2.82073857045707 2.017324521818232
3.33799294023958 2.599532895436643 2.463434409842281
3.416992560330883 2.631313180535772 2.14632539478738
3.50068867426897 2.528999610154425 2.7058695879013577
3.421176790031776 2.5788904277538003 1.9106636629814853
3.703283386842364 2.350240322040071 2.73680821444727
3.7955080721321157 2.3847272725702426 2.4064067258515505
3.4126040259742836 2.2359584681784526 2.8672379494984783
3.677451620241472 2.6379601716582615 2.605787259169781
3.410365267654549 2.2851030638343417 2.973449965768449
3.426059466988093 2.49220755082528 2.688250284365646
3.6110624072797526 2.3107696903774686 2.6780593795796444
3.8984976788483916 2.266765415817779 2.6621493490126724
3.5278912631852295 2.5312646589745813 2.2687890293619555
3.8674165323359784 2.4638548878264985 2.5929631074576593
3.72531692363427 2.5227545065075923 2.668599967624872
3.9649258249498045 2.518569724562974 2.4804791589119684
3.7004242807740813 2.174284921803342 2.9478019004114424
3.999003698883315 2.401311540079862 2.5986496178101692
3.854117051307144 2.2724614277517183 2.439254880610144
3.751990083662806 2.251063832499562 2.651619149555134
3.787567394320372 1.961931235006702 2.5039523753752286
3.565013892229658 2.2436211225118017 3.2407358609188583
3.7252644647435247 2.3002644046646807 2.6580950841453115
3.7564625445494153 2.1592093403117563 3.073549183695402
3.87075264986271 2.072313507779526 3.4207710257941666
3.813112119675436 2.163415926752625 2.560013984854237
3.684141720556199 2.1841146896983465 2.7425998551070983
3.665791249302645 2.2748003451501173 2.9366317881293007
3.7724742525957273 1.8139873258964285 3.419172678747132
4.099992537174211 2.0631269605789235 2.8764935551123543
4.064481885012054 2.04952135527996 2.774821248775571
3.7123430240381716 1.7227608298648713 3.168601496911009
4.076648851246669 1.7811827063605041 3.246798562046868
3.830881474704854 2.0039493339526144 2.8370106782418416
4.041914004887482 1.8220257010474636 3.667816786652411
3.841876338581347 2.1227743549176883 3.3217764061420048
4.04270776263958 1.9440614128063347 3.3542134360047053
4.090650707595476 2.01000889575709 3.194148372364438
3.8584351107202783 1.5971754214542377 3.032395915806106
4.00231329871728 1.657088382210123 3.4807691374432626
3.9463228833037918 2.006067736843744 3.6421451137216168
4.084986065287169 1.602155942782872 3.0338511420121157
4.018931145639031 1.6575994648999768 3.2715405354268174
4.126809512134203 1.6588367959112207 3.9408547384202834
3.779133611220225 1.7594060369276485 3.449409807387083
3.843371667559388 1.8903437355357782 3.904551879569172
3.8246990149125906 1.7106750093997078 3.2255657303947114
3.810869222967438 1.4985106159834594 3.264392394432245
4.276641454079933 1.5242392816177393 4.081423219476712
3.8953013076308545 1.579823808956441 4.245379350983112
3.893786307997255 1.8225193798644186 3.5063139160805714
4.103126091223735 1.5160703954405317 3.460744401476725
4.248051583686996 1.44438575384636 3.499452104673063
4.110809013732015 1.5784894648555678 4.0464247149104615
3.9891366827148085 1.4614796755080137 3.7799534934935672
4.223442436382196 1.7275908319516247 3.7314567133597234
4.360056917834925 1.3390570753080284 3.9541045978334766
3.984945183889612 1.2769865608982602 4.186229576622632
4.202612967250559 1.593701550529114 3.9474383930374137
4.1560507598117855 1.218265335543062 4.45114250744973
4.189677896494925 1.6005663126665555 4.516828568558106
4.050349290372729 1.2247507382760858 4.38709093885686
4.138587124438574 1.427349850124953 4.486485419157425
4.200969126210945 1.533584895327377 4.724597276805592
4.3854543979172655 1.4230785639055248 4.006122768917671
4.241349661493334 1.0763600267851283 4.674176742297189
4.32912701632319 1.2669118424880543 4.941225220704536
