1.3921584028938874 4.17299717866506
1.6241619754570633 3.378624121140823
1.5439250314694313 4.040090659623631
2.0624138604535696 3.1151950468604164
1.0039481629174576 2.720148122959568
2.042499544696435 4.039473891341791
1.2976502017163771 2.9531249685947105
0.9462973893326038 3.313560772265183
0.7674130100501494 3.069833175628423
0.8769365751196138 4.159255613918022
0.8469406553552157 3.8150610602233397
2.031991439432223 4.034923407674462
1.1058742088577183 3.8906931803190483
0.809130492742736 3.074714773357837
1.5663707597770857 3.4002451509125073
1.2317678536026284 3.2163021708757964
1.4709703456357273 4.486763238134569
1.818000417873612 3.413275725567668
2.0178879204332003 3.916294527905167
0.9884600503403342 2.707831265696095
1.8350819069667437 4.2527602850412825
1.2643772531764812 4.071965591652465
0.5911866964352038 3.8409594651523182
1.9257486062309666 2.709059870536318
1.9710962629987554 3.63697369167648
4.4567914803425905 3.0283048443105374
3.468318176739479 3.8889131116792997
4.066013782969219 3.3598313751967934
3.4407806296833714 3.61595233149328
3.4849969730376507 2.8726653175136625
3.6775528155791006 3.7575323407980035
3.8877380882347494 3.39790032238291
4.534737575351859 3.3017884076663817
4.233569931129173 2.675182517240861
4.553547749187977 3.4801674032597334
4.536788446925862 2.939019505569476
3.4485025883095672 2.899978248691826
4.1793946362733045 3.0389850563785132
3.843775075182446 3.9687283500274777
4.189443136714328 2.996611427183731
3.7824794479673844 2.965782659346538
4.034685508052751 3.0849986205243725
3.3945743044149594 3.457705722614752
3.9600825218459574 2.6658029449818272
3.878005102848954 3.068486847803464
4.140974614443931 2.685100214459767
3.7977173320376894 3.8113818459760695
3.5789319830446056 2.6978953686422322
4.3523089605548115 3.8755146229405164
3.4205515381885894 3.1876106041529244
3.5859368771302433 3.603478947549295
3.6000803100724967 2.7636015541569927
4.454365502947559 3.174082186836181
3.3010472199027796 3.295983252725464
4.065853061122759 3.2695924561707486
3.639125335457904 3.3731237822166835
3.7706230725118335 3.5911337081630545
4.334724832577438 3.55160167557921
4.119381765613014 3.4344680965513845
4.027365005450974 2.7839939594123777
3.717227752666877 3.3407775638401858
3.9638150182097878 3.4057543079306254
4.753238123727365 3.261314346655951
3.670516102886358 3.724430195461729
3.598462343452409 2.937828202947741
4.4450068003848 3.146991437676741
4.372918709290862 3.0937387375223033
4.523983038536759 3.7208051613571067
4.0910102010588805 3.273872074677753
3.910668159001368 2.563501516188412
4.738060669006901 3.3637317763647254
4.098931265244552 3.089090655880508
3.8455202983314445 3.414101709675125
4.207393660711356 3.668925012568075
4.199671969322839 3.2672475748056797
4.226840535501963 0.7761075547168098
4.241776374619255 0.960705696153977
5.292617663002013 1.0718532893014165
5.898459474381213 2.108485135675805
3.9003033805818337 1.8876341456297103
4.084824197934579 1.475778889672788
5.253690927332137 2.092590248483787
5.2339706550609755 1.7836013449169525
5.2324302014482145 1.5746596041527923
4.875921521869057 0.993674221704161
4.547910671798072 0.8027691794810976
4.488016718235475 0.6426261595402535
4.514044446826586 1.1483279895342708
4.048565057602149 0.6522367236591353
5.723379652330095 1.8609737609405275
4.688222348280037 1.262471061165149
3.2898096478291974 0.8091053906964092
3.9019385847988537 0.5876574756067039
5.43310695974675 1.4011431621778105
3.0904521570961605 1.2245905450501597
4.204014497958917 2.119728524417576
5.0691624680276846 2.08806180093363
4.039439556446822 1.6559864539375306
3.686784347031691 0.9522565779323459
4.28573384602346 1.7550438354605002
3.73917285604378 0.7299721616441123
4.6464295760015 0.4414581681273083
4.318616818863335 2.1552535262568453
5.359222651858967 1.5908306957833716
4.788747826103421 1.0672579436020284