-0.9221588056316208 -4.814790354548948 5
8.708976977636187 -7.754403021059954 0
2.32838931835602 9.431338167749843 4
-6.582173305216459 -3.746318340238548 1
-5.183251202132904 3.1332971177846627 9
2.1984021090583554 -3.068366439443282 2
-6.773343686510167 0.8230793378106999 1
1.9269085313053131 -5.406264343474836 3
-7.822335262769264 0.1918100016833852 1
-3.227625853920923 -4.7264254802831065 4
-3.147635346544397 -2.348114821696412 3
-4.0622531357759035 -4.242027074105961 5
4.026930757563258 10.300183909584428 3
0.9497133457449166 -3.9971307578049475 6
-7.608034784079474 -0.3177116948389644 1
-2.985103064076729 -0.47162019566824526 7
1.951604997112036 -0.5457656393070233 2
-4.334300327226474 -6.483934555539613 8
-3.3626940287616143 -1.1951925724337598 6
-8.127625565202043 -2.0980293344009104 9
5.5318789557805115 13.589312360613443 4
10.410778444850967 -8.308396296214983 0
-6.901838630531132 -1.8295658743110395 9
-6.688767503948197 -3.1545111656472 1
-2.49488479141166 -2.8843362125760277 1
7.792480090925341 -1.0422318747337265 2
-6.814281292004312 2.3922514801248242 4
5.955185106582612 -2.1089931814981386 3
5.156308245509307 14.178629301129854 2
-6.240714614142667 -0.9623538043988596 7
-0.6187154572918246 9.894784601510068 3
-0.941131320117004 -10.053363428542234 8
-1.2203150910335212 -1.0753487383371831 6
-6.789284035571753 -2.8615503216967375 9
1.792727409196249 -6.383528666178979 0
-4.1962385064793635 -5.479225626062406 5
-1.1252812716081064 -1.9441154407476682 6
5.901442794678621 -7.709874739435911 0
-2.289685832602469 5.217532685535924 7
-0.6060119876347301 -1.9292319258747403 6
-8.479701220286476 -0.9562732372778072 1
-3.558679147286689 -4.916116494525614 8
-7.624919260288287 2.3123486632078203 7
-7.482214647674952 -1.5997337185564204 9
-5.151654380524898 5.524709498734122 3
-5.372487259201239 1.787177455789557 9
-3.8331620100677144 1.641218644232727 8
-2.8631437959084107 -8.987506832571663 5
-4.110379414989974 3.5581377935290126 9
-0.16333841067044136 -5.027756269419546 3
-1.7307240938525263 0.01350220529859346 3
16.60312769760149 -4.217017599310053 0
-0.21781560309596554 9.151050331900985 7
-6.354011572003322 -1.762890221238401 4
-2.8434629677938164 4.13121433871922 9
-3.92754938300525 -5.205171909291587 8
16.294833319007658 5.449267742486728 0
-7.111918925042822 -0.6986141700756171 9
1.4866931113026391 9.184929103267502 4
-6.294849419470778 -4.062284325570971 1
13.275667319711685 7.776854912251174 4
-6.333895371896134 -2.481096231451818 4
-0.5595719000304018 -3.889551516337141 6
12.868010061716369 -7.982917175409437 0
4.459892525677684 -1.4688066036340597 4
-3.8382782014493477 -5.409220694938841 5
0.3593677563007097 -5.156782085113817 6
-7.708954522987309 -1.9168589032034873 1
10.997794313741709 7.414246020745879 0
6.695501676006264 -0.24325187024603825 0
-2.7178727882476537 -0.5636282929286276 1
-5.01536434292498 -1.9406724473630468 7
-7.701781445370102 -0.9403442694771456 1
-1.5510584702015962 -4.234786193969229 6
-2.881438095711326 2.9890981282744717 3
4.8838457376051725 -5.25434751793686 0
-1.0201293822796207 7.262982993870248 2
-7.270892320129466 -3.225744025401502 1
-7.565755673680806 -2.850585193746904 1
-5.054889862775574 -2.6834859897613685 7
2.7738796526191867 1.0210145091027985 9
5.266807477892097 -6.680469902861625 0
9.344699822147993 -0.6653300426018388 2
1.82404046126536 -4.247281411469354 6
-4.638887029151397 8.096347489321944 7
-3.2956946492776806 -4.63738044466973 8
-0.3609902196735916 13.473284273611924 3
-4.312250531154734 -1.390448111742153 9
13.47972127810234 4.207460068535674 0
0.5004747708108168 -3.617677533713586 4
3.3992412380770527 -3.671744134201212 6
-2.0528006997278867 0.03700510901996424 7
-3.4330488140544073 3.5881798586149505 4
-0.3232975993923158 -4.800802585229857 6
-4.027280212210852 -4.275108581683517 8
6.603725742356209 -5.47145784333013 0
-7.616057268254205 1.9130460719484428 7
-3.0832734570681004 -5.7500547726228906 8
-3.461377380178007 3.371427411170588 3
-7.731287702519656 -1.6293556034857026 1
-4.398729344173221 0.4855414180202563 5
-0.17204624156700582 2.8913527576549694 7
-7.479055095420903 -0.9698724764188857 1
-4.788168503041551 1.466986924888453 7
-6.669194214326538 0.3868273389615951 1
-7.073738018439517 -4.531038727460391 1
1.4143097519130863 -0.7420643119598883 6
0.9742620215324453 -5.81272328647292 3
14.187480802631342 8.833701086021561 0
0.4285391841254283 2.471413845543476 2
-1.07832551748676 7.15092476188033 9
6.7401540959918025 2.01803418242517 3
-8.337084938565988 -0.9006996635427563 1
-6.0949681712086585 -4.998881883389699 1
20.18232337514101 -0.759616470364629 0
-3.211938905528122 -1.802564468079155 4
-3.864662775876595 3.510861352984191 9
8.801252506147664 0.946556412052639 2
6.084676339265401 -2.6982534122898403 0
15.041146771266039 -12.509901457231543 0
5.823523127341929 11.596254504611075 2
24.35875448041347 -0.44287785032057586 0
-1.0550879054007087 -1.8138683491374548 2
-2.5460665730057244 0.1356348015615773 7
-7.841289322876156 -0.8488109731227691 1
-3.6647597423284433 -5.44133473022153 8
1.115331923510529 -0.9139730411691074 6
-2.3972934017475924 -5.396258986549098 4
-8.154969580428123 -1.851259596766056 1
-2.566517160734735 -6.6918542204365306 6
-3.8581213012478432 2.02171986023961 3
-1.8244816973232898 -3.485066846453435 4
-5.791057319011674 -1.8642964156304118 5
-8.439276915773242 0.4969432820863081 9
-0.922230382133386 9.575786350682996 1
-0.012601113469210952 -8.229592693265298 3
-3.3950562671111086 5.8854478075474175 3
-5.963748074116266 -4.832536020261242 8
3.6917628562102576 -3.0022278682999213 5
-3.741031519375147 -2.927764917125893 4
-6.257380620342701 0.7071210536367437 7
-5.509667394574496 -3.555099078826877 7
-3.4995808749656905 2.43166645150559 4
-0.2765648912635447 4.621319163068871 2
-3.4375599457404125 3.961721234746472 8
-2.821027909030492 -5.292211067257105 5
0.6571529116887344 -7.46496091246299 8
-3.3055576610214183 -3.266369591830222 6
-4.975733685778042 -0.6489247867364816 7
1.573009402982292 6.74436138685316 3
-1.312929250373246 -1.1466789787160052 4
0.7210040094458077 -4.353918061956253 6
-7.341811136823586 -2.1145946639583935 1
-7.503645340571124 -0.9487643226977354 9
-2.310865733342155 7.1724333720095785 9
-0.022905209625207597 -5.471586562665422 6
12.808419913597165 -4.060548402698443 0
0.918738082615297 -9.394438575050817 3
0.8259352748323502 9.103081736131095 7
3.55932223341062 1.4544127953411339 2
-4.725201022589547 1.2142898860853253 8
6.905352659019071 -6.0872485367783895 2
-5.203776121627315 5.05465880991005 9
-4.376482935576482 -2.895436111346205 4
7.818490290119604 10.711092914887743 4
-0.6934172751657047 -5.234565106435632 6
-4.839858104221787 -2.1446387332846446 4
-4.353885124837834 -1.5162790355578484 9
-6.925346596832756 0.6135026584346983 7
4.700560494577514 -4.221767220386872 0
-4.609661684056424 5.552865678022654 9
5.102699214228033 0.3068818471411593 2
-2.467596184713714 4.558435016725226 9
-4.3510209131627136 -3.9541878027223007 5
-8.202357259895432 -0.7269200386234403 1
-2.5698419578760974 -6.1325962931103435 5
-6.961702685557457 4.865219432246291 9
-7.956558052345895 -3.682793250840026 1
5.005637972553567 -8.006356020471578 2
6.318424515761128 -4.96555007908266 3
-6.148052757204625 -0.4274710942756214 2
2.451124545706526 -5.068999083915985 3
2.9986348391168063 3.0611890884274597 5
-5.744673449324152 1.820811341188038 9
-7.1352830159933625 0.15070217983779507 1
0.5662184347375646 2.4692601277366277 7
0.5914281652961042 3.2773215849808794 6
8.979639252755398 -4.816232499961438 2
-1.1377772636325894 2.6262059156288577 8
3.991430207945311 2.2091317008243854 2
4.354054572232211 -2.887651139109562 2
-3.1224677781510857 -5.43842885725435 5
8.88999473386372 -4.249233493434797 0
0.9763235644728029 -0.7574068968839708 7
0.6961934677122741 6.311304379637641 4
-5.545684397091299 -3.13013707167872 9
1.2131734787047062 15.101373707013781 7
-4.227307025208308 -6.465488233449103 8
-0.4431919934095088 9.42317733280632 3
1.6179582533947048 -0.11886362919007615 2
-6.755770883494745 -0.5654681307835465 1
-6.110637524824505 -3.6074433198366975 1
-3.515517069815328 -7.586878238463385 8
0.9721839605751774 -6.3733004732716365 3
-3.775655498912059 -1.6200654192739201 6
-6.102520272482522 -4.32834376951361 1
17.04245699082493 1.5037154351832025 0
3.7760890596837404 -4.950956000938297 3
-8.285698030306564 -2.4165301300657758 1
20.18226939558981 4.071020911452086 0
1.0898975406842166 1.3267152958922992 0
-8.08880783816328 -2.871216000478695 1
-6.631538301562524 2.8329346833275184 7
6.945213442376465 -1.8175990919557425 2
-0.6322820613542097 13.621557340678567 7
2.1176278147261494 -5.212504887095897 3
3.193028136990455 3.703695563564593 0
-2.9986310586954334 -0.10147468731598981 4
0.987741965326704 -0.31687006058827 6
1.6373080049141115 -8.157433151313873 5
8.538047296439295 2.9268581244615577 2
6.495361963843087 -1.5548466708320556 6
12.83161016087345 13.923170406241436 4
-4.198650130704396 -0.7209797455861876 7
-1.1076355565159077 -3.003876480448524 1
1.7184537041287737 -9.05473503064929 8
-5.105127889606057 7.420555004717679 9
-6.760086794904108 0.31984658524980164 9
-1.330666760079446 8.668538081200296 3
17.857233271507432 6.140235018755859 0
-5.444205247405992 -0.6381020424548098 7
-7.7995659022415555 -2.5775313040272367 1
-1.5841334388942059 -0.4770116609051614 0
2.783018669867588 -9.052819466496311 2
5.597674795196469 -1.78358632033766 0
1.5925017783306277 -6.5758296745848455 3
-2.2037548821903234 -7.630550082209099 5
-1.8608852565550464 1.7182435045538054 4
0.3321591679401931 0.20696843537904602 6
0.027675415240901672 -5.863899950580694 5
-7.17049447383413 0.3582499211288247 8
10.705466274476867 3.9164357238774055 6
7.265726996222001 -3.8577367032587606 3
-3.3323023779331686 4.6357087099994585 7
5.669955493835472 3.3098269382496364 5
-1.1970342793543207 -6.578319423814225 8
8.798389995162264 7.156352258344123 0
-6.314450660579552 0.38075714242642955 9
-5.568327585074211 1.9574836908734625 1
18.38362862148193 6.117204836666287 0
-0.27740741017391884 8.445876572608288 3
-8.46539852115634 -2.214928409416196 1
-0.11980182300368351 4.341301413012387 2
10.949740791036273 -10.886302319977036 2
0.31620377792805493 0.9183760770777889 3
1.6974265055140811 -10.08565594143901 3
-6.253175088730279 -4.069539805019011 6
-2.74840319233799 -2.9147173978665037 4
-6.268385261550646 1.4202736624699195 7
-0.18027945946943832 -5.855639314128437 5
5.792973991224421 0.25307807351886263 0
2.711202271870451 -3.390223553272311 6
1.4880568083592263 -2.3904054402578625 2
-3.1352828850963816 2.9346124300314 7
-1.3465347713864417 8.165157010320696 9
-0.6152488719679299 -6.430535119326128 8
3.06822167465079 2.086414838096414 5
-6.572223764720358 2.4805742978302843 9
-2.325266327723208 4.247256255944536 2
-7.350559542714254 -3.016046292953413 1
-7.293826769641842 -1.1789904369799922 1
-5.227322446026956 -1.622971360321972 4
2.0004323297565283 4.9908355776338285 4
0.15486619153684475 -5.343384948109776 5
-2.3872164734019337 -3.4288288107140548 6
-1.2633115181959182 -1.8141093047255374 4
-7.987143349046434 -1.1063344104629225 1
8.845463814737693 -8.113112925771961 2
1.1908526067383722 -4.065912293906134 5
0.05586161370027352 -3.4526104298679905 3
-6.841726317848907 0.7464637488634731 9
3.5106285602929455 -6.993653630272089 3
-2.025955141675615 9.054134601152464 9
23.119279396358234 1.0794128518379196 0
5.730608992716429 7.2629891519873615 5
-6.659315155469238 0.8319235238876482 9
3.7873871515393676 -0.6297994884621883 6
-2.0452354590569386 -4.7092388886814565 5
-5.937506022387011 6.669726349934342 7
-4.309000720302761 -1.1769077965616115 4
-7.92342287811845 -2.2340404867563395 1
-1.816343385726757 -6.833732758412609 3
-4.790947402170589 0.3134388199176408 4
18.743561768921506 -5.839486214117756 0
13.692528794936353 14.599092003735658 4
-2.959198172119334 -7.040027241519998 8
10.322578545604026 -1.1235160214740032 0
-1.5648081488801093 -3.097731074770758 4
1.1671121772500683 7.449532976376301 3
4.772747308766546 -1.154150496512628 6
-6.736217802898425 -2.4994017686277816 8
-4.984186871351692 0.2876774568435371 7
-1.6840749394534402 -5.793756128419772 6
15.826043407809314 -9.273743047571584 0
-5.961763268434361 4.471545547634898 9
-5.328137360627525 -0.7988344295135623 7
8.676076109911339 1.2653399563436545 5
-6.369643345568727 0.41781949957484776 7
7.108031152218794 -3.3960974629083682 2
-6.964775491196713 -2.6960013561879754 1
-8.048800270709796 -0.4420114328818849 1
2.75276753385902 -2.656107462023684 6
1.8047779762862182 3.1622326621695898 8
-6.842782809343351 -0.17389315490130958 9
0.22394181883833453 3.0128078173874764 4
-7.279993946931524 -3.569102763444158 1
-0.21891945501079593 7.994977279299381 5
6.076363661186937 -10.850158407567388 2
-1.427679416439205 -0.14849463231634868 2
-6.072753833250965 -3.024869966254352 9
6.267284575546357 -1.7602237178304592 0
0.12976552731425142 -6.4385167488581265 3
-0.578303596988363 6.7871858752499925 9
6.882173241969193 1.2981917156032707 6
-3.3119416440631215 4.872389416833217 7
7.088913254157838 -8.203990338458862 2
6.090427764876234 -3.6562852801107435 0
-0.5542170777156177 -10.748004798252321 3
1.1868075142548253 -4.176544277793853 5
-0.6164797686655261 -3.192401275512014 4
0.8828147954959451 1.0887207042499933 3
-0.17225752009850534 -2.394319214617079 6
-0.11386130622659343 0.7802469495621402 5
1.4831150976047778 -1.0652201861819166 8
-1.1152514465240404 6.410404031322367 9
-1.6790701009222015 -5.044209250667667 5
-5.370825670838696 1.407290116334376 4
-2.51931410928364 1.2505780639081099 7
-2.4583963361440646 1.8868751170046922 4
7.370126055581757 -8.237686765324664 2
-1.785666954912332 1.991977867762848 7
4.3857989444367504 -10.63789921838582 3
-5.83802181426027 0.23755980172667857 4
-2.2776932718605365 -8.634070377747491 8
-3.359558614310878 5.379029075283896 9
-7.149797316796471 -3.4071508714864187 1
-3.679022122043284 -2.645092112425655 9
8.708906383000114 -9.886387399051312 2
-2.943194171387586 -4.0840322460973475 8
-1.1778830864050742 2.654599132870621 7
-4.5195422497826225 4.667306307994722 9
-6.7357822041942415 -3.866096284303601 1
3.9168047292551815 2.7431514545285416 8
-4.930100590729121 -0.07698182171841043 7
-5.770773570860533 3.4813008963752403 4
-6.32676024403307 -4.025181044902408 1
-4.240943498139203 5.73861273375666 3
-7.515744808195695 -3.7645072580486256 1
-6.916081402731067 -0.21939213274500047 1
11.738205100944553 -5.094921570546321 0
1.230411133995092 7.304629918496867 2
-0.11245676175649982 -7.046887469677704 3
-5.536427151808103 2.014808501323347 9
-5.639220133736788 -2.1771794785515257 4
-5.917889057023871 0.7272831460979488 9
4.651872286202543 -3.449939244948638 2
-7.606362977495567 -1.5563458469864018 1
5.864363758498444 -2.0819650155870164 6
-4.881325937080087 -2.359078376302348 8
-3.670667642003468 -0.3449045070225465 4
-7.703371680191229 1.039444128606446 7
0.4594984594538411 3.1949224479503715 7
-4.115047970360301 4.328522229008263 4
-3.4580044603914843 -1.501418579914126 4
-3.8349265403940866 5.054264969629717 9
8.12359667652788 -9.498467089523464 2
-2.458304486452351 1.2822625901209368 5
-1.5863155192206104 -0.48142985707509667 7
3.9672190362159925 1.6174842292657368 2
-5.739496290677246 -2.4316703967002073 4
7.32062397037669 9.254178737848584 4
3.9246387394448226 -8.975785880713994 2
-7.296887571182217 -2.0467766271517127 1
-3.838861475987158 0.2176051902628092 9
-4.046790950347164 4.901896927745129 7
9.28487999162618 -13.0943630198783 2
3.4874672125474615 9.632780805071162 8
-4.513219696760095 1.731851460853567 7
-6.029102304806221 -1.5910785068705058 6
-6.650738182631342 -1.6240733123077709 9
0.03930826556206974 -0.5210777412901416 2
5.725936713430063 -8.00394749093523 2
-0.055953273676820556 10.684079266840646 3
-1.8998203527081627 -9.414495611885057 8
-5.66590200565655 0.38604431816296364 1
4.018140670022952 -4.037875848557465 6
-2.7996572944978095 -2.1946524558691007 5
-6.5487928094144445 -3.317334829281598 1
-7.276151817263114 -0.5719373798366818 1
15.869810180874865 -12.691689050988469 0
2.046665870829339 7.102130397567207 2
-2.757018977140866 -2.7496506965133922 6
-1.920467456369683 -0.07404703111031252 4
0.12670307547768828 -7.4618620990028015 5
2.549606491439208 4.1663267322856035 8
2.8679331968795707 -7.613026964371569 3
-6.177855913319699 0.6740894655836341 1
0.3223692782957817 -6.806474009351943 5
-8.198337537499487 -0.6582423880736051 1
-6.031645043367302 -1.712399055735821 9
1.5803387134154654 -1.9513710144667942 2
-5.212066586714995 -1.311095145509558 7
-7.052218226333876 1.085330904514171 4
-4.393573636444349 -2.3220973162606926 4
-2.490054954850899 -1.1955015976308545 4
-0.6182452595360601 -10.984653363730327 8
-8.535005309533814 -2.254448715066939 1
-4.074004117758715 -3.267130111069754 5
-4.473570330795109 -1.6518996460954443 8
-5.545711841364663 -1.650224399207582 9
-5.155917799340065 -1.6520822432915794 5
1.2379774929898086 -4.153132049829082 6
-7.655944312628128 3.3641827270545903 7
-6.267873215894298 -2.153585598416651 9
2.329335187368099 16.13638851640244 9
2.8490684773201265 -7.051731949797064 3
1.7971737105136678 12.378941134778966 7
18.239289650721105 -10.339138398804353 0
-4.2338954615565125 7.519461663858714 9
23.562966311280952 0.053359826972229116 0
-1.2057387830142083 -2.3299131402368656 6
0.26507251843477625 -2.1926774941653235 6
1.3051007494346876 0.7213661694543357 2
-0.670527614985117 -6.988771326714591 3
-2.1163549288087493 9.805479324023201 9
19.712273434063565 -2.7837958686759268 0
-4.8238488585292805 1.8755095172972447 7
-2.319644146217879 -3.825162655871941 5
-1.0874453828881052 4.786684847149596 4
-1.1627529779669934 -7.709846500206391 8
19.7595734395442 9.320542737983018 0
-6.428558275789583 0.1140139915413019 9
-4.288293859028967 2.548276964493848 4
-6.444702474438833 -3.379516127404154 1
-4.598943118177839 6.712120209393339 2
-2.2303005329952077 -6.729854417494038 8
2.2535242544040432 5.221401457620798 7
-6.283272773504534 -3.4231746036003297 1
2.5776932989885495 -8.849685444165495 2
1.712313134747116 -3.0259388087795074 6
-7.362714251531118 -2.6161354662128278 1
5.924311813338181 -2.0723988148588512 0
8.645105883634947 0.0465277401174549 3
13.166002938215506 -10.698463178541045 0
-8.158209605265633 -0.19463582315937272 1
-7.585017436978419 -3.031277727193414 1
-4.778945121026585 -2.193586196780457 8
1.6903904898425217 -9.535551796734367 2
19.20949058483995 3.025912053939991 0
-4.424835587999663 4.823185113561456 3
-3.641069119835168 4.671174384282943 9
0.8962865454294315 -0.7430571493929811 4
23.193539952938455 0.25707003030158343 0
-4.641591996915118 -3.945424289677872 5
22.476916695441176 12.332373258840143 0
5.349995685446985 -5.831615938785332 6
-7.590367175521286 -1.4507301483205473 1
1.238050474643963 -0.7407741699225577 7
3.0146126536739217 9.42160188989968 7
-1.28656397066212 -8.550707374196433 8
-5.82756740235617 -0.33738711664382837 1
-5.024929344946147 -4.0331210371961825 9
-3.949803236077685 1.0100361770483928 2
14.220723368626873 -13.16382372599135 0
-0.370234566615996 -2.7650026650077257 5
-6.461629591353582 -2.8252564557472177 1
-1.0600186325335235 1.1877074393840348 2
5.696685388859806 -7.342302820078006 2
-5.537742760216869 6.042738677291331 7
-0.5271242227204961 0.4730131169131783 3
0.02791936784431603 0.9106596595195948 5
0.15080449866539888 -4.280182687237202 4
-6.467278607036193 0.22663829787957274 9
3.5297759358493734 -2.406166941539438 7
-7.47862448202447 -0.4658431823969156 1
0.8720903125492849 -9.214305605141863 8
1.529776487927113 9.10315680786382 3
-4.9013748019757015 -3.400128252792559 9
1.98802421406269 3.8090050067056596 6
10.599941906823299 -5.3884389042043 0
2.409832050797819 0.24692062220867497 3
-4.551658952279998 -4.812806640931201 1
-7.46803890210129 -3.492127345207573 1
4.0159368069877415 -7.3957764197195495 2
10.493609860282445 4.6390431863709765 6
7.217242493899654 -1.5172024807075137 3
-0.23659317146573014 -4.677084588371628 5
-2.0246970722596442 -4.970884963386928 7
-3.2022099390724237 -2.2094042498620317 6
-1.8571382519166793 -6.433242083698922 8
-4.313056475791756 9.278047067061694 3
-5.390966933089603 -4.701148542387815 9
-4.813103512535087 2.117535536509754 5
-3.903801579077671 -8.387169068836254 8
9.116310977227188 -0.38385376587439507 5
-2.4565786358377064 0.4906330666997226 7
7.309164205220795 4.6691558696099635 6
-6.468538347970073 -3.2563081026218765 1
-6.38554833870532 -3.0330304704315796 1
-2.7679036444609473 -7.735353773720716 3
-7.1653904812991405 -2.3568777002588326 1
-4.899207327220882 -4.491334968899259 7
0.5155203640670255 3.6630203813781756 5
-2.9329375471483314 -5.92091892469389 5
-3.3808463359554315 -0.8870875404984652 5
10.22516220507299 -8.627091651946808 2
4.230019488355604 9.102375084921364 5
0.6049846256130178 -7.4668262717629865 8
-5.263159784932149 4.0593549498174895 7
14.850014968559947 -11.710356041573206 0
-2.2814566318258804 5.895913939466956 9
0.709303385635003 -3.870434112338872 7
-3.4206057966680787 6.999712044790381 7
-4.781507934880078 -4.071344062238451 5
13.525734321251033 1.2771663163623763 0
-4.7240515394305165 -2.7733786551682176 9
22.500485851474306 6.5963839096476855 0
2.270936818608225 -5.881363827922297 0
6.526346377975639 10.063373184730825 8
-5.357060548826286 -4.103065291383118 9
-0.21487086026594515 3.358192927001075 2
-0.5687261098073649 -3.276312197733344 4
-3.0406836719711756 5.137479153160088 8
-4.543256078295739 -4.6497732950025465 1
1.2406006632021573 2.3352632569606597 6
-3.842762599857249 -5.648462391668186 1
-1.998801717861813 0.12003721306660087 6
-3.997068559860203 -6.129235767322256 5
-7.270327278563333 -2.2527340503355426 1
-0.3230926530505101 -4.931822786208604 8
-5.925028323705248 0.1560070870594978 3
-2.738143796162321 -2.0087787423606023 4
5.695148523343485 -3.884366737367937 0
-4.088098137785238 -7.701002891807395 5
6.407405941694874 -2.419884360141223 5
-3.6044369491304407 -6.999490010974267 8
0.9711831560559684 0.2626211957418558 3
-4.4718083676249805 -2.4403483887312527 6
8.376801311930038 -5.47345982930968 2
0.45019401021090705 -7.561001268210456 3
-2.959156493264467 4.664375839274534 9
5.650468187312619 -11.121010716242976 2
-5.589250283456011 -4.819813759693656 1
-6.207783143462158 -4.005651090983556 1
7.503977285368769 7.301128183695969 5
2.076447166770441 -9.108342278965154 2
-8.34074441627335 -1.0211938522424948 1
1.6598695329152902 -7.2499629982742295 3
-3.2206588497802073 4.209970645808773 2
-0.2739928356310638 -11.972336021862652 8
-6.677529158334657 0.2650625838569993 7
0.7516749383597482 -9.487026673487968 3
-2.542983830935306 10.549729241538433 7
4.124467357134387 -11.981191809672147 2
-1.3631895352989478 3.847265540045998 4
1.358082775605311 -5.373466376853289 6
-5.395912302974166 3.4771990461292246 9
-4.270403615506814 -1.4967626431757328 7
0.7513458567554102 -0.6551757463241381 2
-1.4460742281794843 -4.993969588932669 4
7.201336731445147 6.831799768689244 2
-2.565644197994987 -6.660835815666524 8
-7.642591672979796 -0.2942277679076668 1
-7.0664004721012175 -3.099832027005731 1
-6.545880500480652 -0.6792395029723222 3
-3.4663580954039204 -6.8783066347843125 8
-4.510321452377813 6.891500716931857 4
14.603343518803907 -12.560233521692984 0
-1.6958434578073942 -0.0840373225311842 6
-3.4735827242023074 -6.559521523030944 5
-4.396386633490675 3.8013702694740257 9
-1.707818098263163 -7.594149678571766 3
3.648570067691115 4.077112578489256 0
-6.168235800665395 -4.00284776473502 9
-2.9043422260874587 -0.292619105582469 2
-2.0149130204934007 -0.6032453515955706 4
-4.375047383812507 -0.4103391021055761 7
-5.352822021237919 -4.2453007987279126 1
-6.505218241086883 1.1397109953958522 2
-4.819916297459053 -4.126781869571273 9
-4.709009480785447 0.35279537092294566 4
9.539145369167578 -12.731536246693476 2
-1.4232141154363438 3.389517154696111 6
-6.245565992356592 -3.9984536243925253 1
-1.8006857744373774 1.427823913819569 8
-7.042190902837995 -2.5646975328016963 9
13.133606482707687 9.05010545066064 0
0.19270680942634125 -7.612404740830487 6
5.561330418579751 -2.8146294338989777 6
-3.6121246605376998 -0.8314269804374862 7
-8.26340318095309 0.5724099015284313 9
-4.077441051730598 -4.254700516927039 9
0.7420083258060589 0.9650861041336903 8
7.635103817345278 -12.400247351851707 0
-7.809621185395299 -0.20356339621754782 1
-2.3544431648184423 -5.1065045261507285 4
5.298283829071808 18.39920689910509 4
0.2513255092040075 -7.505853819970943 6
0.849160983942373 10.048075787154373 7
-6.756006089400386 -3.9503280410352644 1
1.4285730605435003 6.369261305720202 5
-5.805831132236141 -2.8715651588551516 7
8.568171260165368 1.8848838781493784 0
-4.187175715038054 -2.036176234761741 3
-1.9534610492601008 -4.477221614353648 5
-2.2597643646106413 -5.955472870863198 8
3.446357344679086 7.069729323770004 4
-3.988733701939044 -1.8365758997058679 7
-7.424640560302356 0.1916992448273549 1
2.8554031621694085 -7.34896870272558 2
10.295167831181237 6.576091430783791 5
-5.113604787027314 -1.9525330819019338 9
9.323606444504573 0.4957426019793114 5
-0.09113689805672394 -7.017190024832684 6
-4.727276729092334 3.7663716063628194 7
-1.8048146490795365 -4.43504462707224 5
8.07103381514027 -0.6211572036848928 9
-2.925497128664006 -2.3041854706343536 8
-2.670522788253252 4.133419960705565 8
-2.54112583303973 -5.751259260816915 3
-5.456806148797639 -0.13117972122870894 6
-4.195412891494934 -5.644550172120085 9
-1.0658351907523946 8.30446204143305 7
6.86962598251522 -10.934099542899727 0
-7.346254340599904 1.280053366545057 7
0.610211296483615 -7.001246878409016 5
-7.088390824766988 0.5565420186460169 7
-5.3880869196448895 -4.287811853081528 1
-7.532095753905012 -0.39730063225668466 1
9.89782692749177 -9.05821511401875 0
1.788815520248145 12.000384715698488 7
-7.430565684909733 -3.1219451841251784 9
4.377768812860986 -8.813302266675919 2
0.7211338311748291 -5.160499244691864 3
-8.079016185510643 -0.7259337928680795 7
-0.6785544442441498 -1.464436248084985 3
-4.661815514415954 -1.0048919783060717 2
-3.422437185063709 -3.08939185382148 4
-8.025679972415116 -1.369417303712542 1
-0.02508280021237722 -7.766868522642185 6
-3.07001328597351 7.743089141627413 2
-2.7857783732198507 -4.655822393970885 7
-3.365176611127223 -4.092799503351702 5
-5.436750792435642 -7.505482769902088 5
-6.465569218389751 6.503953633911422 7
-0.2967881509124169 -3.525486971639088 4
7.234290420644239 -6.3180503341806284 0
1.6501380843274478 -8.248559158873267 2
6.833048431993609 5.640673773009904 6
-1.8782002696924125 -6.841626511887559 3
-4.073889168172476 -0.8385098045694656 6
-5.116305954408966 -4.776989574339643 4
4.015229859191554 -1.623017427742231 0
0.40379046319184064 -3.149935792733496 4
0.3033095100670717 6.891747727994592 2
4.2206901655648865 -7.977659147824417 6
2.3307346428698805 -3.856187368737747 0
5.498333125630676 -8.246818683163736 0
7.758662207078756 7.214411201972165 0
12.29651696659486 -11.153095387266942 0
14.495450691966113 5.903018506925351 3
-7.20040185574091 -4.460905780761267 1
-1.2964024731997825 -5.96706352875487 6
4.694386530623137 -9.314454860450066 2
-4.635777568432219 -0.417047242369793 2
0.8133282399319472 -6.114237271795278 3
-7.418857574299427 -2.2952110447627168 1
3.5314336978582737 2.4126693172476137 4
-8.064543224623012 -0.7125379682854392 1
2.227871674997652 -7.049041353813851 5
-2.3172376010226183 -2.760277574727604 4
9.245853266580658 -5.1812207133001555 6
-2.7115005222573942 4.56986818565556 4
-2.6387105982506034 -0.8394586075085658 7
2.3727315930824164 -2.33159632188659 2
-3.4954587155327914 -8.032140970255035 8
-3.8582894837678734 7.961998618843236 7
-3.98875985376993 0.2958868271831492 9
-2.387405245718415 6.359781609599839 2
12.162816656650113 -11.178937051052367 0
-0.7888330577486163 2.062096563129876 5
-7.006565352198594 -4.485635540286605 1
0.7575120500552293 7.014198112888763 4
2.490997607756834 -2.171979485535082 2
-5.445829150337026 2.707692334379526 8
-0.6645167852001925 -7.9583299753152446 3
-3.0651388801523196 -3.5639477316825054 2
2.2227215810995324 -0.7419339955030549 4
-6.842024954980901 -3.984054894962842 1
4.116732050063843 -7.031180640231832 5
-3.504072711241895 -2.434771100880441 4
9.026828586515098 -4.5670637532692835 6
9.387956496824145 -0.2132156084451461 0
-1.4826501189414891 -1.5618306955861279 7
9.663289449944651 -0.38601179281210285 9
-2.4424504862368175 -9.600712164779399 8
-0.23622314033876937 12.283784707164099 4
-5.662756576885045 -0.7254536460301992 9
-5.44705302401113 2.1918354858449476 8
13.49526205195788 -8.520566827915651 0
-7.436349567987538 -1.3062626310658467 1
-6.314099341201356 -4.90773086370562 1
3.8259553991834063 -13.654660336455793 0
9.177261504196602 -12.691086148988498 2
-1.2348639848902914 -1.121173285154702 2
0.35593231841418704 -8.601563725047635 3
2.0315393528195425 -6.870802038981096 2
5.8695393910789 -3.8786311776911333 4
-2.834465184423163 6.817580466166514 4
9.23052212885876 -2.9729118351296036 5
-6.6647313802726025 1.2086238323393754 8
5.8370053328344325 -7.6335869471539795 6
4.621599336136478 6.5615360383747126 5
-2.252339186566913 -3.213092121781718 7
-1.6466380524165827 12.91566916740644 7
-2.0909272221366684 -10.178237105511984 8
-3.390478234999583 3.682865641838483 8
-4.209823982486124 -0.8331919231371235 9
-6.677438872859393 -0.03214072652226988 7
5.341316734989906 0.7517443301739561 4
-2.554240966073377 5.319632132634828 7
-0.781097763881445 -8.79610934243829 3
3.8390226643200127 -0.5442005617019552 2
14.57443918022197 -12.761034816960622 0
-0.6528191180210549 10.037510497239033 8
2.756422589109225 -6.6428872329359665 6
-4.374377272034435 3.8133432660128985 8
4.4023938964831855 -8.658865429158336 6
-6.967196454583561 0.625767947758973 1
6.117774851912442 -7.700853353863833 6
-3.3457603686644575 -0.3705823434659778 8
-3.3755492909817075 -0.7726317055418184 9
4.667048569708585 -1.1327473735127955 4
17.470708958769197 -16.9002282424119 0
-7.700439310274707 2.98046655038121 9
12.482534801597506 -17.533920765836083 0
-7.412293330617481 -0.6028772068322009 4
-6.292794588413902 -3.836551680089344 1
0.3682600676575643 5.75828258990426 5
0.029142902177041772 -2.878292479368917 4
-4.1683001651237 5.320521854079633 7
1.981529145513624 -8.729829791784978 5
1.3198479009608988 3.019305073512021 3
-3.2851448080074652 -3.7965529004123533 7
-6.976743282111488 0.748671465676125 4
-2.790058649795026 -2.846604721613018 9
8.022438247222123 0.36677597135641754 8
4.320358228643962 -9.347971010676867 5
-0.451298892357408 0.8659413455498834 8
8.483208661958418 -6.248572875301147 6
-1.5482641122756133 6.295008276202583 3
-1.924835358415528 -5.931378827696348 8
-1.4012121573480338 1.157973635897096 6
0.7467626933829372 1.9602658550045577 9
4.007494648696154 16.829295053903408 9
-6.329932720047543 -5.01640326547032 1
-0.9680785415691372 0.340281622230673 8
-0.48358828189119313 -4.799218555537032 3
0.9940810880206784 -2.503217565222689 5
-0.5759995728157027 -9.421452849229544 8
2.72568534903944 3.6738106025985813 6
-0.390371074843331 -9.189211722613528 5
2.159581107347502 0.9993212201335383 9
-5.746525756266077 2.4708957524486173 7
8.538082536939664 -7.500191820239628 2
-4.960753387627618 -2.390796601859827 5
0.3656336389417061 -2.108673522867638 0
-0.8913230216488123 -7.174303316927405 8
-3.5198304509266243 1.049670876832097 5
-5.919744446132777 -4.595579457560358 1
-7.566650241831931 -0.830406003443124 1
17.258534504187264 -16.213651268527162 0
-2.988992781519993 0.6210309466528581 9
-6.016227868019285 -4.194271540284027 1
-4.261718701788335 -2.020898047753291 8
-0.04169319824998241 -6.798417415203549 6
-6.053005177369333 4.9658778568921536 7
16.338336953392783 -11.84514974040272 0
-3.1056754470620387 -1.1308711648473138 9
-0.8276834878624445 -6.647668502326967 3
14.446250690213963 -2.9458519290554923 0
-2.258707877560439 -8.398793552389346 8
3.0175947575547233 10.134898711494309 8
-2.021575829951603 0.12704694764107696 9
0.4951471883434835 -7.74026356067029 6
-5.262727581551095 -1.7066549330508993 7
-4.3104438208300895 -1.862056249411614 8
0.49671120604298824 -0.3230890474907826 4
-5.491742080014006 7.9792615791783295 7
0.7596574357518675 -8.520951765160433 5
-4.175575222180977 1.6103437408839247 9
2.3147140367557215 -3.3517370559876887 2
-0.8869247629088255 -0.5323861307945514 6
-3.9274888359210194 -1.889423107339348 7
3.2957225482674435 12.233322430530155 4
-1.4934510494168804 -6.655096209720437 5
-4.106861104063384 3.9463322469374393 9
0.3109665535672172 -1.2642246610951409 2
-6.006916616074583 2.167934507636217 3
-6.5564804421575245 -3.780304244781459 1
0.8751610886648277 1.1833015416957635 6
-1.1393302034941397 -7.4347096590791555 3
-5.201955527324261 5.174724379529911 9
2.1705939930262974 -2.466475039391331 2
7.222745446212017 1.8760854740135717 2
2.799414313981453 -6.415486968766156 5
-0.9142348292107385 -3.397291938256571 6
-4.009085951150583 -7.3249609538476905 8
5.507422328316078 -2.8966456499824003 0
-2.4694909800923712 2.130400953717396 7
0.09365572649620235 13.024521624741565 7
-4.8399992422915785 -6.524817470284105 1
-7.624192165455372 -1.0708979862851868 9
-2.0004779474805585 -6.784610088079129 8
-6.759314632411639 5.606956471773351 7
11.168063017087833 -14.254712193666588 0
9.48020514490888 14.7378372066728 9
-6.183774238898573 -2.936566540257237 9
10.535207381216606 8.140067041036252 4
2.48671529133054 -7.458977013056095 6
2.989824935870669 4.96307844810053 2
0.9028002805966088 -8.417028980335449 8
-2.776900073958184 -3.2607182499792464 5
-6.507814704537432 -4.547327937201587 1
-3.409072177241468 -0.603519235220247 4
-6.037927852645609 -4.460154007299027 1
0.4431263838895674 -2.061737150740447 5
2.834903593833904 -9.468291094882563 5
-8.237002530122794 -0.7374570082909945 1
-5.29128033844886 0.1944008397792395 7
-1.4459142439045167 0.6272324469430077 3
3.546775034354018 -7.386231197188506 6
0.34615684641204464 4.683989975262518 4
-2.6847370101197514 -8.865952542128088 3
4.961334022827611 -6.933891617798295 2
1.2834233112342515 -10.394724302094682 5
3.511662986011124 0.6102629002744345 6
4.525229303705063 -0.7238484510567199 4
4.6272608714216465 7.3636722231856755 4
8.174965653169053 -11.57924031756203 0
-0.1906283698883882 -0.7278698932788621 4
4.548157999978297 2.3233121186160477 4
-5.159983741343379 -4.535059411226197 6
-5.101649847496937 -2.244002993036389 7
-1.5811604824215026 5.082501842537501 2
2.0338225975858846 -0.20222046442143063 4
-5.5423893232843415 1.1837075443116554 3
1.819773709388449 -11.266963512719592 3
-4.6894842297597075 -1.948652819145139 8
12.503292121673061 -14.342802510638782 0
10.318404519200973 -9.256403400844755 0
-0.6675778248908023 -7.993371271076121 3
0.2814863260698353 6.654117991359977 2
-1.2496062002966526 0.6387886936523361 2
-7.626297322536019 -0.5381071410322906 9
-0.6057262747755136 -8.906378782598498 8
2.5088589452589725 7.039963676002093 2
1.1160062726768265 -10.2596069420398 3
-4.265007871257211 5.610497848831268 7
5.349014512225313 -9.61447121666292 0
-5.106407997398545 3.0698548001144568 1
-6.635848366957516 -3.725835573420738 1
18.998483907578855 14.52307385041025 0
10.277051368039766 -6.11299430401444 2
6.169216321792085 -0.053406830933926834 3
4.712268307357411 11.48093631879956 3
-5.316048893200729 4.210300693386777 8
1.405794789753511 2.3567785491710764 4
-6.731420473726602 0.20574736028295026 3
-3.3785832952165187 -3.2060832600260527 5
-5.026279656059196 0.8119898060846369 7
-0.6460120588614494 -4.670261927211653 6
8.225167246210969 6.045303726054338 4
1.1456375643998955 5.857067352843027 7
-7.448046442963371 -0.7913416220498576 7
-1.54571519536855 -9.79680874959834 8
7.837074047662396 10.262969904018327 5
1.6419950704655741 0.21238081413948182 9
-6.555143837468754 2.7526493202387363 7
7.349352827001534 -13.52966123481199 0
0.17553329412078666 0.672271174015365 3
-6.567828731954525 -3.6532957665384593 1
-5.836578923551986 -1.3696563948546123 6
8.166427382825333 -12.67865576199206 2
-3.7971122019552634 0.275920126959355 4
8.798681804302648 -2.8273117835390993 3
2.3129307789571896 -4.021345413167667 4
0.7788185739641559 -3.3691367678498643 4
-5.506630683199798 3.969556573360097 7
-4.418846873607814 -3.2960244117754707 5
-7.3812850820159115 0.5342195715850419 9
0.9827970380489349 -5.99993147085717 6
8.32810137536644 -2.4328597595679375 9
4.592947436843354 -13.416924928895531 0
-2.9464243043139784 12.16231728060364 7
-5.886060990141709 -4.740479768869286 1
0.8575453853182575 7.669144213357636 4
10.231036324495918 -12.946404557157795 2
-1.3617939491792506 11.085678964571455 7
8.095365029711944 -8.761837121575658 3
7.4591212606628075 3.9367079160496488 6
-2.4200827653258785 -3.9640370652619517 7
-3.131135521620666 -3.4617825269401483 5
1.8791626863364659 -11.293001433889398 8
2.296137297147138 5.006121978204165 4
-4.514080184695296 -3.9957539170967764 5
3.710994277664057 2.8107076606958623 5
7.779450945043356 -8.715253793166132 2
-6.217175211154804 -0.3532033687093714 7
-5.989067950058226 -4.367419302712022 1
-7.820600065160045 -3.3615965050431162 1
-3.2504468088884537 -5.50097414497164 5
-6.379684174718359 -1.5493550889748657 6
-0.2586387862772129 -8.981848290674503 8
7.717168354500436 13.53947445955451 5
-0.7401129514010424 -8.473544763888695 8
7.22837409028021 5.0938313555437045 4
8.73667891898535 -10.815440208008763 0
-3.579207773814645 1.5798133986304286 7
1.687852659894158 -1.2833382002078315 9
1.2896324740257985 -0.39450929932038487 9
5.0094660353774145 -9.749675265572082 2
-2.093861060162459 6.900819200083216 9
-4.351901274217631 2.264289178776619 7
1.674526863308994 5.915470873337746 7
-1.7014531401322581 -5.058352254959291 8
-7.421445657568234 3.5271996435608304 7
-0.9759419380317244 -3.23950612100183 4
-2.209456742859273 -0.6190238197633974 2
-4.457745516290025 -3.857229383636332 6
-0.8556526985225046 5.952219708341999 9
-6.643306393858999 -2.2791412396771915 1
3.768382768742799 3.1909606493109948 7
-0.5113476903990546 -7.100777269260261 0
10.57022241442257 2.807413770538081 6
-5.0140239710256385 -2.1177398710151643 4
1.8568923863607625 -4.813190960344978 2
-4.4279887075776365 -3.264345506406191 5
-5.666763843217635 -2.1430367982622136 7
9.188859188812637 -10.032043156608903 0
-3.696139202978423 2.8531295754959776 7
-6.039676430894506 -3.993027110329488 1
1.8272092753601197 -0.16850197894274252 0
-2.3770253694898025 1.402642984315475 3
-1.8260859478707052 0.10212532473886875 7
-4.353452405274534 -4.435249720715171 6
1.907525433555488 -5.5853281862435145 5
1.591598931044242 -8.55797465009687 0
0.1206394981542649 -0.6242818963850346 6
-5.026537345098112 -6.995701369225494 1
3.783608477311746 1.4352080570996268 5
-6.264970890502179 -2.9764905145350014 1
-5.985935289126762 7.8802396755507775 7
-3.70967486777201 -8.51075732164136 8
-2.163309753110018 -9.651082322160455 5
5.5563727447862785 -10.623019214414752 0
1.2822891893599624 7.364310749755308 3
1.915255319817904 -4.139444270846658 4
-6.7693028250545835 2.49711072185888 7
0.62425628041143 2.8039854583601205 7
3.0856273709301556 2.936751242276514 5
-4.111324744906069 0.9321452174558358 7
2.0048600303309905 3.465585887113555 8
-2.3477181602751687 -5.94079284661883 6
-0.4352613268381999 7.911220914636198 9
3.0838180865949005 -6.1204963376697945 3
-2.8915875270387947 -1.14057434788232 8
-2.4211017511500867 -6.44979344527061 6
-6.748844645601701 0.7185042293164331 1
3.5701066818523954 -9.719961940382477 0
-7.507541467360407 1.1953297697305028 9
2.9627675261886885 -2.542122570873478 7
-5.975950100835282 -1.2714660911708604 1
-1.966525007459294 2.939550763033943 3
9.958534267044998 8.665089810197413 0
-4.02685504735415 -4.39372450719572 5
8.73439481681893 6.6651941710274665 6
-0.8414842981814267 -3.688586454039392 4
2.880394166014124 4.386308522652363 4
6.126336968496647 -12.68052783154091 2
6.167606227267688 8.702265177019154 4
1.4192949916696838 0.265511987774862 4
3.3164415310747892 0.5074948480005861 3
-6.38373230677661 -2.3585657012286316 1
-1.8431930258351903 10.904675000620568 7
3.281474803519387 -2.3395592614940197 7
-3.098735417162792 -1.378836716691303 6
5.650682023997259 -11.799561355639637 0
1.7065988220573365 -0.2671931130312196 3
-3.0296254554338424 -6.156692083006409 6
2.2427241355790963 -1.4769503938825095 0
-1.1058599618914269 -3.7218025602857407 7
-7.2905121780043185 -0.06026939431324767 1
-5.44529507744663 -3.6281063965606775 1
-5.867911545719906 3.4199125071914116 4
0.28653960660014277 -4.2702201632066545 9
-4.3693008012652355 3.299262029690856 4
-5.003314154234003 0.4633566543126797 3
-1.5455789458734135 3.1138818330553653 4
-2.257609422996495 -6.438716045755372 8
11.518165842312216 -10.548753155654062 2
4.542971362691269 -10.041915410447457 2
-8.124677317147261 -1.8165721282029341 1
-1.92818192922861 -7.363070828669048 8
-2.1561716372131 8.110303946950994 7
3.7524846872021467 -10.154811386758732 0
-3.3905623036472328 2.673003115505212 8
-6.900222273432846 -1.5140893483758509 1
9.676679730202592 2.4982581629852563 0
3.512692046948335 -3.645141620881814 7
-3.0314221136267587 -3.222854295998198 6
-1.4168467727820537 -5.260990581420128 3
-6.68472240314043 2.695834904996779 7
-5.548279191265383 2.375404619845507 7
0.15681110186185174 8.41347532867562 5
-4.201606421504379 -4.871209563801719 8
-4.174402829306031 -1.3203345491063485 8
-8.217779962368075 -1.3192860363023697 9
16.38697789074767 6.498312018276263 0
4.201063781659287 -12.1832419014251 0
12.44972043837858 -3.888829471220055 4
-7.162312112286251 -1.08509598777112 1
-1.8401061548353563 -2.714099321704086 5
0.5544569337884583 -8.991258986460293 2
1.3965499445967973 -0.8451275497374833 2
-3.9595555084497946 -2.0179295207297216 3
-4.123173199712714 -4.063494406523751 9
-6.156502888290732 -2.1002985307961244 4
0.22048279634180168 7.387516502493316 9
-0.7414438327380674 -7.705705217696295 5
21.71802040945042 3.9289482767755346 0
-0.9996401498947601 -5.982229089357259 6
-6.9026290589227015 7.376220614350749 7
0.8117332040166256 -1.2330408075028938 7
-8.485205028406764 -1.2504270489543812 1
0.5661595519853696 -4.083699603588571 8
2.767140458118359 5.239407676903148 0
0.9751018408936957 -1.5003744367223362 2
9.169275605071004 4.424596913079422 2
5.826161132499678 -5.17105817652181 0
3.614567432886276 3.655923358238796 4
-6.659697552914623 -3.0673015879100034 1
-7.113486196624957 -0.7196382736013385 1
-1.3255381135579656 -5.886860266253414 2
-2.2229040692069635 6.244807359715097 7
0.728306663346674 -5.933266876633928 3
-5.7413201873621365 3.316660008621987 9
-4.599053631504883 -3.824752101578056 7
-2.117538246990481 3.3055293857330685 2
-4.561342449258769 -4.6918843138970985 8
-8.032653379521445 -1.2630324934651487 1
-6.19873570656293 -0.8308488290539696 9
-2.1402332158278394 -5.190531519186446 5
-5.083029420993449 -1.1412393696475995 8
-3.626684241910844 5.804865541384924 8
-7.380367472801318 -1.6640302683113946 1
-6.32146623199713 -3.446367783944237 9
2.2656017996728393 -4.522323821712674 8
-4.143887334053532 1.7369516855338005 3
-3.836649307581186 -6.892861342716186 1
-6.709384880307013 -3.407950138647554 6
-2.405776520957342 -7.8830286552086255 5
-4.027992901104372 8.875360195626895 7
-3.6255434766809858 -3.275421078724299 4
-2.1825029808845935 0.3358384598139446 2
3.859763050772326 -1.5230005947243386 7
6.432320306600704 5.486486204899065 0
1.1559873504175238 -8.403544861544255 3
17.830998924071327 -3.5362404436178205 0
-7.992225951379291 -0.8451588269202094 4
-6.916080780626824 -0.7935396452094069 1
-7.879781012493783 -1.0611509596419881 1
-5.0956745111853055 0.5139538040961104 7
5.151146808800535 -1.550444640268146 9
-7.694707079055634 -2.3265479706434906 1
-6.863520925167706 -2.8783463919934693 1
-2.8437914469308776 0.9205461390942484 8
1.2719100369132912 -9.252289448975027 5
-6.931427110767252 0.020896380329595902 7
-3.8912627866974328 -3.895000274991098 5
9.622000163259509 -5.16775811088949 0
5.6620978604703565 -7.231292480891447 6
-0.7859264384166599 -3.032463149519419 6
11.403253334733852 -10.647917170708967 0
-4.12624209756863 2.0953092459543208 4
-7.383855434532497 -1.4056271403126481 1
5.0767750592435625 -5.539747782877762 2
12.688075798968603 -8.277588609369868 3
-5.168000971041874 1.6730109258902406 4
-1.225226412991536 -3.771576423063598 4
-6.231479790492825 -3.279181400255826 6
-2.9070722519109267 -4.502122271029094 8
9.696988007984338 0.46200614863139344 0
-2.7278182149943393 1.3815689973755771 9
1.5197549932042376 -3.3383930915823377 5
-0.17182430903990786 -2.278750246228783 8
-7.1947848610382525 -1.177073830605873 7
8.410511849082335 -11.290701880654565 0
5.618824358607413 11.154001341731899 3
0.6242476671250949 -9.04700226886291 5
-5.266279480873033 3.6760275858849036 4
-3.631813191324608 -5.277357632741835 5
-3.499941234350641 5.435798029090934 9
-4.626358410992755 -3.403714978884114 6
-2.427288334029718 4.371873324725046 7
-5.209001945711467 -3.9731132076508526 1
0.03002655863718214 9.780260521783564 9
-3.5035014932654853 -3.6161665567716343 6
-7.755640901793617 -1.6478709253646249 1
4.9357768792596675 -7.724904299780643 3
-2.749658141025211 5.229817949096711 8
3.6786800284117906 -7.293235757232565 3
-5.291369952330743 2.0478711942458454 9
-4.962332484093935 -3.1477783008646862 1
1.5689055008970554 -6.005921926642402 2
-3.435197115324648 -2.1607584599558054 7
-6.428484917625306 -1.3574950493471192 7
3.8605046259064557 -2.613598601366316 7
5.060884785316057 2.726112746899766 0
4.33533609016934 -1.0707469187700158 2
-1.832643927416168 3.0295540071527736 3
-6.385403783583428 -2.129768967773403 1
-7.784200163655477 -1.85567478167177 1
-4.967290241842045 -3.1779496383796157 4
6.135299467196422 6.90152985142681 2
-3.1517098067734324 -3.9422269520224105 5
-4.261851669508229 -2.5835186134805386 6
0.6301153219865331 -7.6001947555688885 0
-7.811351792858705 1.2278606652850343 9
0.588945921238064 -6.425301333486869 6
3.179582117444832 -0.6521638868458228 2
3.7654093681333793 2.0024167046282626 8
-1.6037840077232972 3.739924234386442 9
-2.1412739033045805 0.7165302697814185 2
-3.6347577223896534 1.498803757197815 3
1.0489067551359859 -2.8227091785549736 3
-0.031175958146960413 -3.71484707969626 6
-0.2601229262362286 1.3954988020746486 9
-6.336842035589827 -1.6060006011491144 1
-6.352894393482629 0.0248848327082865 4
-1.962677572222935 3.3205212822863124 3
0.4181209775722486 -1.161863731965977 3
10.538492149949013 -1.0555149544027758 0
-4.689615522283147 -2.724099823495048 7
-3.7280777147096202 1.3085544590039953 7
-5.972178776706149 -2.3125603205724126 1
-6.301293686810848 7.5420227994274365 7
-4.325592616080992 0.41373584784212186 7
1.5573259219209106 14.247097758000292 3
-2.065930745037721 -5.406411103654251 6
5.537988499975031 7.483949302031806 4
-5.1849690282710865 -0.4123419357680205 9
7.351926307964717 2.252923255277103 5
-2.767892748658627 -3.629544410672464 4
-2.9298544378390137 5.938909788627838 4
-1.913058721639866 0.19743154358500414 2
-7.279985962821589 3.605530460233229 7
-4.39781729317007 -1.7761909739878652 9
-2.4926704005849922 -1.436816111200978 0
-5.441179131828292 0.05968736680572117 9
-1.1266387292619444 2.2624451693500096 8
-4.722119564578221 -3.1818516151415652 4
-2.3508341796911485 8.135181361295334 4
-7.059236824874596 -0.08798252220828601 9
-8.779712153727786 -1.5632784030067306 1
-0.15969445866919313 -5.569884203644077 2
13.219034855741135 2.5696326323605505 4
-2.5067132945433532 2.1138904583967597 9
-5.902637857431084 -0.6044249578346569 3
11.832310817642801 -12.347783798101815 0
0.7908056741973042 -2.245314787827027 4
-7.237296039673771 -4.34265179772223 1
-3.935450606685155 -3.8013570921919317 6
9.933487120271112 -2.8875836103478165 2
4.606870097877217 -3.9940712480305662 6
3.806481584445674 -7.960620924738185 3
-5.087742680714588 9.196935848185715 7
4.10810315853865 -0.22273913036453089 4
-0.3995478226975407 2.212657052742499 2
6.767657305793038 -2.6265437845821653 6
4.801890890970124 3.125410139548039 6
-5.384467959582754 3.5787155595016054 7
-8.01135116602028 -0.3533992595731266 1
6.869691182870652 -9.333562680853715 8
2.791770655595085 14.07430101291747 9
6.82918234332854 -10.256482482627344 0
4.704992707066634 9.145220279816593 4
-7.708393675975432 -3.6851124176552887 1
-2.3487444346143524 4.957773710437744 4
10.803791525283078 0.5732326094497145 2
-8.44694842296401 -1.1621115853009072 1
-0.04788029595137415 -3.5655536194153585 3
0.237075118264315 -5.138451344923479 6
0.30157475601587075 -0.9643155754745859 4
-2.9824781167419006 -1.520283633519936 6
-4.8362332045951355 -2.186955647278148 7
10.33309647852655 5.209083955392837 5
2.6633504962185617 -6.832701763953656 8
-2.009488158972013 8.515947749382985 7
15.946044664331529 -12.908516687472787 0
-1.1320390171596177 3.115912437079744 5
-7.294691595845523 -3.768163081110231 1
-1.0031933677719285 6.935808815362071 4
6.07252033103843 -0.3897195053753091 2
2.281837263929683 -7.876145534260241 8
10.495079420922735 -2.866121120860143 4
-2.0866496944800157 6.6581288565883865 7
-3.7387694570890164 -0.9542250484364546 7
-3.593412643944036 0.4235217049731426 3
7.353406498964003 -6.994355952068476 8
4.421453559890856 2.1982606043611144 4
-2.0184801719341303 1.5606907525157758 9
1.5166894841120595 -3.8359918800518447 5
3.1355936170711245 -0.43156477960644907 8
-1.0188439868617136 -0.7436394247195607 6
-2.8825236847419395 5.9563391349520085 7
-0.6224548550851922 4.519594687678805 3
-5.072349028319024 -2.474527474366845 4
-4.559261139754354 -3.4085060034998653 6
-6.280232693537765 0.9689680647173005 7
-8.537665723976026 -1.7679155818587806 1
-4.228213651544161 5.940578466707492 7
-3.349103850674088 2.579426685929455 4
4.698148830457801 -8.037914551763311 3
-4.406398880695667 -2.5176827836518276 3
-5.939847753754264 -4.547597955600936 9
-0.4871334785321811 0.7408060177065786 8
-1.8587593088048822 -2.072083758706533 8
-7.809754506570758 -0.5966568244655815 1
7.584798723899236 2.749389088610494 8
-7.127823463622781 -2.5159511608677714 6
8.061615615097596 -3.3328468643064504 3
-7.797115457287439 -0.30398957570121515 1
-8.237998078162585 -0.9256963584477528 1
-1.609376457194449 1.09629663119102 3
3.7133742062700397 -5.442407850351411 5
-0.5353117724420208 -0.3761385533506244 2
0.25147564131049593 -1.1266168707105004 8
5.446721088249312 -3.274208825017129 4
7.05888921163637 3.3658017333688393 2
-6.343504546324884 -0.47018210764678564 9
-4.907885283536269 6.276052333988218 7
-8.113234677619708 -1.3162910228697047 1
2.31806813219559 9.961909504780419 4
-1.6240983985090913 1.523616420092925 8
9.104176681465654 3.9682048374076873 2
-5.613880031641023 2.2274022775022266 9
1.9275525615618396 -1.5787640490499417 6
3.3540636447944756 8.184794561101292 4
-6.2665939468052185 -4.829976211108615 1
-0.9212696362448565 14.713626974603509 3
0.9835649686752915 5.732167563519576 4
7.407540840190796 -2.6330402446638077 2
1.3330922671520133 -10.978761699055198 5
5.246555816569972 2.8050668091567506 2
0.6370488569184263 -9.340782348688544 5
9.02817892858645 1.7490860699635178 6
8.030162908025877 -8.844714095759603 8
3.365734674416788 -6.44867327669572 0
13.308110348131208 1.7447670070940695 6
-5.2371465473487 1.6272134891171108 2
4.933635102942742 0.6229514089787692 4
3.346894650617888 1.9023783229238624 9
5.307987848540721 5.049918756151026 4
-1.2082375107791112 -5.11537499780898 9
-0.2669564495836729 1.33654590199416 4
10.034944010794442 7.27722284498692 5
-7.223933926909935 -4.416028526182496 1
-0.16426404823626872 -2.444676416028748 5
3.8605399360949217 -0.8827780826042275 8
-4.739012542649691 -0.9917976034817211 4
-4.9032834296594485 5.315685488956341 7
-3.8388968415712657 3.0856947317410963 9
-2.113406018211695 -7.099360145339944 5
-8.019892579654377 -0.23781549961543696 9
-2.803841379342451 -7.090637466366141 5
-6.350970112595043 4.173204622878258 9
-6.4338388633496555 -4.893653992106629 1
-3.327624189865072 1.5032364838017402 5
3.229957937335663 -6.978417682347803 8
7.7377921920421135 20.69754868553781 3
-0.9731145936765347 2.694764396629627 9
-6.3786478833369955 -1.4919229171399528 9
-7.424102382771885 -4.301569457067626 1
-3.789977963473301 0.610462450085991 8
9.851485786143238 -13.447307316039504 3
0.684201097052747 -0.5928499861087559 8
7.72127673521385 -3.615705432826295 6
-0.7478259317941998 -3.4626070711197814 5
4.450403875731399 -1.083068124731918 2
-5.460306487902718 2.947756343116955 7
8.487112265081775 7.285038207744731 2
0.3492667630501453 -3.171751710885214 7
6.838428130561762 -4.242633878533597 6
5.878052789385676 -7.403086713653977 0
-1.8750058994293584 2.316249444652015 9
4.861525116770449 9.602973889049979 7
-6.045817527652768 -1.6629586076028382 9
-1.8055409805318479 6.602477626844603 4
-0.7893020531822957 -4.601452786492506 6
13.904785114805955 -3.216780432720624 0
0.6878226634698492 -6.853805404313457 5
-0.2362079229496454 -2.9584386404850123 3
0.7409038630083534 -8.23347668604203 5
5.584850223556166 14.685310381968304 7
4.38484834536416 -5.708809222662183 3
-5.390304567236235 -1.1469362258135714 9
4.985257107873604 -1.7326684362033613 3
-1.440629209883667 -0.6395870368415858 6
10.082887577980438 -3.7601444335692644 8
-1.9749064698026768 6.483889005390215 3
-7.990906269379176 -2.8363605527379647 1
-4.932092894015136 17.003741746646266 7
2.9721854434673576 -6.6089575671262635 6
3.8228777857421203 -7.441415415391589 5
-1.128481741290471 -6.654410035957048 5
-7.76074872120688 3.696473318211287 7
6.07991906207278 -7.668109919247291 6
-3.1121084531571834 0.010819617840590823 5
-1.26485460039542 -9.167908474422765 8
-1.411354102635934 -2.027428400331846 2
-6.7876291209820785 -4.701572856743713 1
-4.546354671089608 5.394152474080345 7
-0.9462346645377236 0.5678310001153613 9
-1.1006055154289127 7.142389673469971 2
-4.052081336298418 -0.9712762436945045 7
-1.4464700258039975 9.503636270150585 3
-2.018049033945457 -5.198900116603167 6
-5.007535904595745 8.313642989076717 7
1.2858714242901759 -11.415080974948932 8
0.891354401339725 3.4154885900269973 5
-1.4879337459712374 -7.949371005710397 3
-7.919282520880838 0.869591895612978 7
-2.8358512615964977 3.165416066498272 7
-2.376241732366861 7.389746703638287 8
2.708167445050773 0.8713972530297891 4
7.544137055821934 -9.965827008728562 0
-6.019341006001797 -1.2865073703200625 7
-6.279470128569022 -0.15082649815922705 3
4.9684038455422055 -9.11332105221326 0
-4.397760413471082 -1.5078515804323727 6
4.600489219300238 -9.526424849257548 3
5.192099506838932 5.187068742270892 9
-5.6071412512649115 1.490829758004057 7
-7.503538190229836 -0.608806057418347 1
-5.53192222817355 -1.1134181866282757 9
8.004797806367677 8.118988000337897 5
-2.4043655002505435 -4.979199635521481 3
-1.0604247149315 -7.325180884644147 6
7.53558374165392 -11.719988023838388 0
0.44593363629862964 0.6303159929059766 9
5.146266763037379 1.4151330715117252 2
-4.483007127867522 3.2338747117456266 8
18.657597207001118 -6.0896439870960055 0
2.8768008845889512 5.538511107571118 9
-6.550303469957812 -5.193521749820016 1
11.714658992439427 9.364604244586648 6
25.33975941282708 -8.904243368418868 0
13.592841253997884 -5.556637635981779 0
-6.828763231447474 -4.892459424914769 1
-2.0026404609717767 8.983777289365781 9
17.347939047396288 -11.140435378376104 0
16.60236212551738 -2.085411836833858 0
-0.4841910768865027 -0.43046624104630676 4
-1.3641646629673192 4.421455457926408 2
-7.453920873805404 -3.3216876446178873 1
0.34877285949226655 7.323888455838313 7
3.3515874223944198 -5.780372936439019 0
-1.850673089822729 4.3384745239196105 3
-0.9355147740249169 0.3343279518811821 4
7.194845252350966 10.01633551101075 4
-5.767363075822669 0.6868752718908496 7
2.799135462889743 6.7091187588693995 5
-6.213550163003253 -0.0917339669213618 9
-2.1478710325688657 -2.104150642647524 8
0.3444807732711838 2.2168903617550173 2
14.73024453212051 -0.9363521465978312 0
2.477883316123295 -7.795526671822493 0
-0.1026708368810494 -1.1483965265221885 8
-1.9635795422795703 -5.412542019328782 6
-4.194271956405672 5.4598735989908445 2
2.807773055258195 -2.483727861701177 2
-0.8468806410564562 3.464010577108845 7
1.700581532072779 -3.746724237492645 6
-8.25373614652319 -0.8770672047616439 1
5.742635433396074 5.387534456983315 2
-5.975743080040035 2.1533218494161623 9
7.196666515551151 6.380495961585856 2
-2.9812014808474396 -4.875545391841582 6
-2.7895823787215757 4.698536079923003 9
-4.376304704861856 7.039319578367471 7
1.335653850309823 7.352233868664377 9
-0.3075614931205168 7.512317132726754 5
13.362875806093953 -11.570768457866896 0
-0.34846463461615806 -2.596021378321566 8
-6.3414148321011865 -4.479993020709629 1
-1.3943217133555665 4.332199838168909 5
7.609222197332318 -9.142743197562908 2
1.3947783685154933 7.034683180998487 4
4.6771901107213285 -1.2634824986369184 3
-4.485640791226792 -1.2985477958806144 9
0.22141787125145368 -4.854359475890307 4
-5.016308469976049 1.8193854927555975 7
-2.1599564063904633 -6.4497167363721495 5
8.711210062043943 1.0059209960747613 6
-1.107175649040394 -5.562953499587366 6
-0.20814593110537674 15.708453420802762 7
-2.8852114606371 2.393495583814968 7
0.09686708825365527 -1.6597613056044815 6
-3.9015891304874604 -7.172156633990889 8
15.271315214708185 13.655228564734774 5
-7.660626983216538 -2.2741086090818174 9
-4.9506421929646125 3.940087766116603 7
4.774616763605425 -7.802692628744448 0
6.15668411755205 5.502146635217399 6
-6.277918856255455 -4.708415924442794 1
-7.256882091438077 3.6865433760520716 9
7.410956381740074 -9.29689628381649 2
-0.21933217560661558 4.093198108203533 3
0.4938976855414464 -6.859414861667554 3
-1.693267144653388 -2.980492340518869 5
1.0856071455828549 -1.8798719159034034 4
3.0161472889990177 7.54035385174245 3
-5.05512298299765 -3.625068060514526 5
-5.5071913820229 0.12923998684970914 8
-2.7054292249070286 -6.35403699479936 6
-5.3919070184673075 0.26532139733120236 3
3.820811025646583 2.294553406015341 7
1.294055788249364 1.6329942595933709 2
-0.2962323824765738 -10.537253733363377 8
6.313111996477322 7.941607141530139 4
-7.690378063917699 -1.7795246229789345 9
-4.313436172932204 -7.470683763813481 5
11.412643644825794 -13.088533702494853 0
0.625278861207077 1.9694200016025014 2
-7.937225363105913 -3.4045983224909406 1
-2.869056990555743 7.336787423776824 4
7.133925329035958 -5.656473497760177 2
18.674943314417412 17.759007698224217 4
6.558121770243067 -4.692912367538127 3
-7.934108158954721 -1.6620586862122202 1
-1.8828258517176242 -3.4714701404501525 7
-6.59874502139386 0.8648006215132089 1
0.0024688394559665423 -14.235065828448947 8
4.225389249470136 6.126067926166868 0
-6.571341919735514 -3.1441022582093594 9
0.3773848445453517 -4.1902684816286335 6
-4.309119408446488 -6.383874000457828 8
-8.141465336464302 -1.584557358201202 1
-5.2246506223911355 -3.9555678269262375 9
4.3109474309213525 9.771183449454083 4
2.041945652338527 -3.0178384458587124 4
0.869385960098122 5.497456451921293 9
-7.467008847895684 -1.551013619598912 1
-5.697551038188896 -2.185508099794035 8
-5.0192872281562355 -4.424326994587968 9
20.100866964778426 13.055487884634914 6
-3.88447339888487 -6.248553182254994 5
-5.485159133807142 -2.836208858956158 5
4.911875966124229 -6.940209174160879 3
-1.76222696763576 6.504061810071186 3
14.507350633970825 -13.971686263071216 0
-6.698898958455121 -0.4900119253446244 1
-5.86499049993591 -2.014472185335047 4
-2.873937899906021 3.4050008688238504 3
-3.2417618687097938 -8.12395632508691 8
-4.954664136637734 -2.364668653727632 3
-1.2110148519770705 -4.081626917273458 4
4.602668187951492 -6.513665018860225 2
13.498070899735424 -10.551716177242724 0
6.551765541033098 6.315410596180468 7
-3.654058260059604 -3.84141180278361 5
-3.165595166386226 -2.040538688505039 5
-7.295168529616351 -2.0363145196519055 1
2.393830415067626 -0.17978268304049216 8
-3.904826287012833 -5.225431037117918 5
-3.745591885112694 0.44103197560257124 3
-3.3955137506198887 -2.8148057487126286 4
2.7923810830131797 2.3234431007745853 6
15.867210599332736 -8.90155209481892 0
1.731996224986468 -0.6267271544053601 5
-7.214146794467668 -1.3574816115994055 7
-5.483955645405576 -0.5535782023138336 2
-1.8795889879655645 -3.069236582824272 6
4.65272118825043 6.68368819969573 6
16.149559411949546 -7.936585616923894 0
-7.943176850185257 -2.0684687136773596 1
-6.931224999779565 -4.1258283938868265 1
-4.934567387586243 5.348113279790009 4
-5.553066764988045 -2.095341225010429 7
-7.007770481187999 0.9324307826076818 9
10.651184455218345 -9.148507390973515 0
12.805086609914518 2.1881806136165323 0
-3.4441433432781468 -5.811537138158503 6
4.776112851412482 4.257081853815393 6
1.4140430459336284 -11.785827523546219 8
-5.28605473900035 -1.7393038718023843 6
-5.68932751000436 -2.747573019517209 9
-0.2408356970667794 5.072442014082323 4
-3.3333444089479833 -5.7685827769527975 5
-3.6067853430278163 -1.9335092389394728 2
0.9339430461096219 -2.4623883826617856 4
-6.154313110528969 -3.0574454901827175 0
-2.852715944668099 0.20761167635706806 7
-1.9509708589073826 3.7479773881946112 5
-3.5494569498803754 -4.898959365931785 6
-2.1419490364491636 -3.943140389292271 5
14.589290420916388 -12.89659774693129 0
2.6013575996635425 8.96845601971298 9
-1.827682551356938 -11.881819531730454 8
-1.0741493394348292 1.4653296465651575 6
-7.459575020000183 -1.5397572291537633 1
3.530780710312314 6.74687366163149 9
-4.480551893131112 -1.4479314527660103 7
-2.9669292764053212 -1.923639379198846 5
-5.564935092041459 -2.4481303225587063 7
10.921779295637592 11.842044968200296 5
-6.1971740424582125 -3.7510439356520857 1
-8.425295144916063 0.3858948864704225 1
-1.1748850548606642 -5.003092605374054 3
11.949940501262905 -0.8935912812791369 0
-0.7237049944461913 -0.6123351173382384 2
14.162883253193572 4.869599868077157 0
0.19435278001291786 -6.483756124742387 3
2.078706662350916 12.870220685745553 8
-3.7499567478865847 -4.035039405200154 1
3.2565642682859113 1.5656809634065247 6
1.5697164894705868 -3.4891828382163084 4
6.4601210507823374 0.7294931496713136 6
5.593687203802878 -7.188906651074851 2
-1.540694115663452 -0.7325641875238976 6
0.14188338437866968 -4.603421411359784 4
-4.797825783584592 -2.4246291929263997 8
-3.2697402305937326 -6.039418031858881 8
-7.2081212786518805 0.28825829177029005 1
-5.130000833469844 -2.1521006468309842 4
0.6729670060695114 8.5299338498116 4
-7.349401323338694 -0.7319490110883667 7
-6.9408120113612375 -0.681956115285586 1
3.0360915277176512 -7.193278989790472 2
9.117991627515337 -10.547639350176128 2
-0.07719097436671782 -5.744918532369835 3
-5.268852466766693 5.192948634915384 9
-4.465333101670244 -3.989170512730162 6
-6.893029723272353 0.20368988871477933 4
-6.332518435268026 -1.5175444784891186 9
1.605512707920066 1.9245767906717237 5
-5.728471834317697 -3.4451431912339348 6
9.5917730391818 -2.9485068935406162 2
-1.0139662739460424 -7.3234044002015235 3
0.0742502958549549 9.94343268726678 9
6.33383198127539 -6.783528414910995 2
-1.0786644736848194 0.1966406482395362 6
7.157994106684208 -8.994754855262563 2
-7.059332830762819 5.837677923387441 7
0.07642867164443831 -3.125347802476023 4
0.6612273852361379 0.8218017806500496 3
-0.09155399414223124 -6.0718266657982936 6
-0.41137828283036043 4.7725697896195705 4
-4.726365067771443 -4.957789739859483 9
-6.205966917609625 0.6226060721606673 7
13.01294104819944 -9.089509234875955 0
-4.424974468126453 2.339986894008613 2
-1.510856288524024 0.7814171597549046 2
4.48897580032001 5.819146903101751 9
-3.5558792838137703 -5.140089436244059 5
-3.836790093713674 5.589590051373024 4
-2.89458651905113 -5.399511939863793 5
6.565202167137821 1.5350433697523809 0
-7.018425625115397 -4.03732946393665 1
0.8412505210347259 4.776405918128468 4
1.0448212124927572 2.06550649446717 3
1.2394199209276322 2.0139815741009732 6
5.076992850288814 -1.3538642621838377 3
1.2914025380458551 -4.85801327076311 2
-7.931424075610267 -1.8725617174273113 9
0.6661323536694627 3.633621384225987 7
-1.3222926185572434 -6.14792340578292 5
-2.083380357355342 6.208308300905048 3
0.01799882404992171 -5.229432260331015 7
14.983945492751163 1.3670601680631902 0
-2.2216694780291912 -3.4638538590924095 9
-0.07522517241181001 -3.7633179753789263 5
-0.9816735227801193 -10.912274279681398 8
-4.152818886446111 -2.2208262603389874 3
3.594653744069475 -4.893993484768519 2
14.613748174064408 6.873691697619377 0
-6.611384934883835 -1.9082933990725819 1
-2.387009147459755 -3.430562455091835 8
0.10166333419246598 -8.416657438537548 3
-1.5179265089590037 1.0299748635529131 0
-5.6876865615650845 -4.794086887992875 1
1.3706482692830495 7.900374779061844 2
0.7423463924028301 -8.715503607772257 3
1.6347263895441262 9.701683883582652 4
8.373239237453262 -6.62007376887811 0
6.786513943978204 -0.07991729382190486 0
-8.574984876743622 -0.6919204873906756 1
-0.31802078008136847 7.152020100170251 7
2.5503906485614043 2.2016183646251304 2
-3.5837432048740046 -5.4413343630854 9
3.525589572007601 -3.060225083916701 3
-7.136222979003314 0.5320550479899739 9
-1.752765741322301 2.6286471223989274 4
-5.075554426523714 3.45010845772942 2
-2.755764384556876 -5.652624380017663 5
5.703240935194553 6.6291375969964585 8
-3.3297459095667215 -2.4951884971976734 6
6.074605465095793 9.378114014481515 7
-3.72664301334109 3.538976032774696 7
4.060420792253193 14.38561459091086 9
-3.2734346087234303 -6.539058028024687 8
7.160599437093939 11.555373857085456 9
-4.943898859921875 2.4274325284331892 9
2.9158630631131053 -8.890108522761222 2
9.480743854897826 -8.14434437683092 0
9.037287050092687 -0.32985882996884974 0
-7.953744228682347 -1.63929150961749 1
-2.395033515331971 9.9434616236483 4
3.134097851293003 -0.11013731466385918 2
-1.9031571666147606 4.997454988241305 4
1.3400042640038183 1.1031460553828016 3
-1.8257617222422038 8.8372693175727 9
1.9417914564502166 3.53572861683544 4
-1.340717764549232 -2.4398969230133476 3
-1.8635367493841044 -4.988767431849222 5
-4.513803479592065 6.116603747289947 7
0.7366041804527144 -2.6279766975505376 6
-2.473637718477236 -4.714502530823032 5
-5.500030675919971 3.0073452377661067 7
-7.606955010385039 -1.13120406363902 1
-2.9557945543235733 -3.9756511809981485 8
4.97211641392229 -5.198428691585142 6
-6.233563591024576 0.20932229296396 9
-3.938413457068597 6.872415551982501 3
14.756636491794445 -5.712309702197442 0
7.027925756733888 9.6900553967631 4
-7.537578795168298 -2.1064600502848196 1
2.6456290778185223 0.7942773631951515 2
2.64295113352685 2.371037120693167 2
-1.3353552417468577 2.7886533660675386 5
4.47119784991614 -6.198237915404241 3
3.030936977866746 9.918144332643182 7
-1.4359385060471996 2.9421448338740643 4
-7.509096649628686 -0.5131952917976872 1
-2.63579554640185 4.221769063969273 7
-7.998670391707237 0.5109576062387927 7
-3.300158592736952 -6.972772495185537 8
-8.01069670711213 -1.935002345193898 1
-6.492683322427121 -0.35716000545051957 9
2.752385632918805 -0.8378146623282328 2
1.9201284360620507 -5.899984830270704 3
3.1370460352722658 -2.124815152082313 2
-4.916460106447849 1.1414930464412218 4
23.42605014606301 -4.59777413439302 0
-7.126274471078951 -1.6572179247480547 1
-4.174660675886829 5.726838443233923 8
-5.709162474173708 -0.4483819706912559 4
-5.140229953729653 -1.5530976422419058 3
-2.0257363434196476 -2.715682037745294 6
0.6317034753968268 -0.049266693324242584 5
-4.06184684267802 -2.5162767398874832 6
5.74392177609626 10.011625752291796 4
-4.507784914142737 4.290254453798106 7
8.969885025481663 3.8914232554507766 9
0.15705439001122454 -2.4200145287875516 3
-6.157507303217971 3.667464917697004 1
1.1300234385367827 -1.5017071935219906 3
19.34836732894466 -8.66373306093764 0
5.863392009016233 -4.138070415023056 2
-8.337133925608207 -1.5865277526109638 1
-8.203562181355888 -1.4892479443646631 1
10.714802190725301 3.941796339053064 0
1.5830080859336861 -2.1962247940504023 9
-0.7815268899152854 7.052954392631013 9
2.040352901220433 3.428887286403605 4
-5.379160469179989 -3.867807503337639 6
-5.653271741800197 1.7368784545121736 7
6.853127138837853 2.1641117192248336 6
-2.21170997395763 -2.442546764847052 3
-0.5716846968729689 -1.4628674098821501 5
-2.4711604790357233 -7.592006072057979 5
0.45812267656609196 6.350488504372584 4
-4.756919578786865 2.3574646927084455 4
-2.819728318703766 -0.6069185998064108 6
-2.920832534867495 1.610080874532386 9
-6.997419365056414 0.3451532740418048 1
-7.755158323345076 -1.500800271043553 1
1.3374683390190862 3.3312014296205406 3
-7.803963230405063 -1.4909728641862692 1
-7.848029225407151 -0.0503768961523661 1
14.998488807053157 -4.700372941425748 0
6.4943767474495075 1.4547927200757267 5
-8.09419699864494 -1.2176505296192337 1
-7.51592348470342 -0.10964926491471395 4
-5.307490736621203 2.7146096938724003 4
-1.246955472528517 -2.726025918872593 6
-1.8001515050944064 -3.2442189831978636 6
1.2528549783296559 -0.34503952606957355 6
13.961953563507919 -3.913774408631235 0
-7.750748805033639 -0.2233693511688547 1
1.0198581481420506 2.355330399430924 2
7.381473328040467 -6.2295760171803165 0
-3.7236062560421175 -3.004267518386882 8
-3.9794717255944696 -0.37308488450486127 2
5.503632132118981 -3.787927950982955 2
-7.185772937225201 0.2891187736916453 1
-7.486495037081182 -2.3828742304821207 1
-2.95372558263229 -2.7608625596206933 3
-2.545745562713865 4.94074037446221 7
-4.44405021391687 2.7285041886618338 9
-1.354194052529794 -2.205851532535975 5
-1.195906487946062 -5.643318045270825 3
19.449999537948614 -2.025017712790277 0
12.551223808418124 -13.089782516875248 2
19.71555925158627 1.1949411097018996 0
3.082814798414978 -1.2102689609423742 6
2.7289026622368855 -1.2757052620887097 2
-7.912860879922032 -0.10542963340518667 9
19.906687321564725 3.9047896500921975 0
-6.941238574894596 4.218406257937643 7
1.4260468002458107 -3.4120561164576393 6
-1.102554289718662 5.709952111441328 9
-5.936860486339441 2.7943272374425603 9
-8.10202041106141 -1.948508000168427 1
-1.4764979009931825 1.2558696086258034 2
-7.068940755295462 1.3116062612065948 9
-0.061476172711524356 -2.471747817379016 3
-3.303697446882206 3.534225812367772 4
-6.045251248857531 4.601005322408724 7
-2.1319474298076933 6.542460373346585 9
-2.554753614028472 -4.405571501627439 6
13.758329491515486 2.51942216639403 0
-5.207741029005246 3.100643219050209 9
-4.9429629073862955 4.578205076910778 4
-1.7348952889315628 -5.921337742382862 8
-6.516008212182404 3.6940512154790963 7
-5.430424639847003 1.9144895666951514 7
-1.4513599806507715 6.314385006878366 9
-4.027389442245509 -5.825526044273913 8
-6.605955198153108 -5.15042483407556 6
-4.8356124747659095 2.2830422631327947 9
0.6875399619316145 6.312587001294208 5
2.3531396875790813 2.3449251116722656 2
2.5397281313323785 4.535241518436381 2
1.8471714719542331 0.020450701160874277 2
0.9605866861668623 6.690952899654058 3
-0.1719817997164098 3.5229847813532467 9
-2.5168255370208197 -7.493991764069549 8
0.47491555349950443 -8.182092394254498 8
-0.5118340719037604 -0.3415343749398202 8
-2.406830662671263 -4.083885903998903 6
-3.970473271953974 1.3612797229725582 4
-5.641339098057414 -1.0259901540473584 4
2.617773344577049 7.645656190978181 4
-5.661737162610374 0.31013798176330354 4
5.898105186891317 -0.8427258457274946 2
-5.243009117868771 -1.7958141824632567 4
8.636787821324077 3.8449210681372334 6
13.470742573438256 -2.3816975074405957 0
-6.289365528580828 3.323011765401812 7
21.009544440396077 -1.9126008402951955 0
-0.9121087782603718 7.706794309521019 7
-5.546910129185093 -4.953335962992974 8
5.755495622965353 2.30269002832169 2
18.07578573942014 -7.034585460796285 0
0.44292528825343747 -9.494725291473904 8
-5.032569833795748 -4.471680502611282 8
6.748813052383944 5.031872513988034 3
-4.121893088096361 -2.931283571827318 6
-2.1664504894219245 -0.7786643025013013 8
-1.7511425236908758 -3.49407881362787 6
-0.24674506341131186 1.870719419493595 6
-1.3005445762017107 -6.90949140939923 8
2.4352783701585023 -7.3581623411244585 6
-3.1022289206126827 -5.477158951938209 5
-7.1281620858243455 0.9556223446794878 1
-7.601604355179838 -2.2144668853613014 1
-3.9690130163981694 1.251683436721828 8
-4.126994878324888 2.203634448473157 7
6.340053108176569 9.512723103158699 8
0.4580023894008512 -6.388044609674443 3
-4.173175080659256 -0.6327728318957668 6
-2.2265704821423933 -4.948794450487853 8
-2.1548912784207452 6.838249339403181 9
-2.506315783623514 -6.738113593030177 5
3.412584591741204 -0.5095014270305954 0
12.360940996204546 -5.8878292832445425 0
13.842741416410362 2.3982247413816893 0
-1.7586385827007376 -5.850232156960594 3
2.292656674774052 2.9708176971386067 2
-4.4964910802847 -4.710250919015592 6
-0.8425176019405233 0.8987974017491371 6
-3.2175576535209918 0.6654166091996668 7
-3.6027263819265443 -2.1149452486847857 8
-1.7885544061791312 -4.9081751950685835 3
-3.1911347431769084 -1.9827778737627337 5
-7.606130619867833 -2.6717023459616724 1
-2.616318862109965 3.597919903377093 4
1.7011745199575807 0.22614913530154157 3
-3.2483476008651144 -4.920807159473541 5
-6.024340644109583 1.6373299089951783 9
-5.354043388569654 -0.2934989466166388 4
-3.4229028672731947 -6.859282381504362 5
5.623046428064178 -3.6560247828870027 4
-6.496150291430342 -2.1556544599351573 1
-8.503318487756633 -0.13472842975783297 1
-3.4110947700678627 -6.803129129963713 5
-4.17863993956681 -2.632481739676322 4
15.237656415010473 -8.492710255299865 0
2.133583544426241 9.28711023891919 9
-5.588551924894036 0.18016381001282725 7
-7.519369971360955 -1.4324775321462369 1
0.07868603786849494 1.2426052134619368 2
0.5441472868854126 4.109223840521448 5
-2.677540701526532 3.7694718473923703 7
5.799237988161566 15.015090034262307 9
-1.6224002853647574 -0.23556891511617511 4
18.80316312649216 -2.676789629283448 0
-1.244002072328259 -4.990504750054489 3
-0.31560169558052165 -0.8787180202681681 6
-7.148605459305665 -2.5281557821672567 1
-8.305667922562554 1.4105261143170087 7
-2.8477185262730984 1.0838557032004006 7
0.5739842585981954 -2.312794413855582 5
-4.518078295925011 -3.0667079364426235 6
-4.66243865687064 1.7916948573090392 3
15.688468182886634 -4.177471046980395 0
-7.318458302365012 0.2610938458266347 1
-8.697504828709608 -1.8123775841954584 1
1.3137392024689258 13.429834364511677 4
4.864473206057969 1.590454496681951 2
-2.34580567245009 6.596764766651735 4
8.029862424855406 -3.874360315881078 3
5.436191589760402 -2.921232248069194 6
11.815029427282514 2.4700121800061785 4
-7.437500391582296 -1.4470914865024997 7
2.897787235056912 -2.774365032277716 5
-6.249053100235392 3.6091155344502845 7
2.642310567294831 0.588938156876421 6
-6.496694498965393 0.6367352677343479 9
6.869413088039988 13.48256471316499 7
-4.338458761391214 1.9906294611432023 2
-2.33603912809525 -0.3636844005765207 8
-5.466986031572581 1.3181121387057746 4
-2.356514759953936 8.139744123095134 9
2.1043744150995867 -8.126562160176768 8
18.78358810009511 -2.7107412997910476 0
-3.6634390625650832 7.971519542854572 7
-6.900924361806228 -4.885820378196377 1
-4.9907115571551826 -4.871176274676783 1
2.8597373252585765 0.5776499276133119 2
-2.6591679325558735 1.0582804903953444 3
2.6145816420134915 8.821350786252912 3
-4.040666021568762 -3.592337483685016 5
2.6791622920584035 7.75962425135983 4
-4.814760538161903 -1.4779120784836546 6
-3.651340703536089 -6.888235810506305 5
14.628251375418072 -2.604970739733266 0
-1.2767264698403928 -3.433783873476108 6
-2.695278344899466 -1.5200401939081234 3
-0.012827962754822678 6.811744508766383 7
1.1065033918983307 -2.3314714040932127 3
10.120246965874745 -15.773717765808868 8
1.612269883832221 0.8148433216727607 2
-2.3914516651307602 -0.03677188934235353 9
10.046882416248406 3.756004828914389 0
7.8852731811345285 -2.048391292732029 0
-5.748703023176028 3.5697549001094924 9
-8.92504997729992 -1.300943077853226 1
-1.7665435294643854 2.7515153757991864 2
-0.2016695757775597 3.5273898791495917 2
-3.4094949836875 3.978529166124593 9
6.594463059346316 -2.2664654366642774 3
-2.11875597186286 5.2745094626504105 9
-0.5716816845919036 0.24670549385577048 4
2.6413540530747466 5.0457914246079865 6
10.515629136182753 -4.709333647273736 5
1.9466130600927931 2.2569344133038567 2
-2.3306653280626786 -6.953426596635423 6
-5.164809911869194 -2.534021161147895 6
-5.422116323136644 2.551271767985636 7
3.68222456004897 3.1091886403867157 6
-0.8529106020330486 -9.643229212968672 8
1.2942902445435487 0.4330504621898335 2
-7.649417039309547 -1.4338468272621043 9
1.6118840407711281 0.5105138010143457 2
14.532164738654751 -6.190756410496552 0
-1.2177000693663373 -1.1641914931798831 6
-7.246104587813681 1.1315834429663119 7
-0.17364613331398915 1.4476179565933809 2
-3.4634932992464535 -3.9544807264651056 8
-5.271458424168621 -1.8397828614896998 6
-6.1782738881382935 3.632310704935188 9
-3.0213923905748876 -0.14710521237209456 0
-5.713991979848595 2.7133108825640186 9
-6.504396268197906 -2.1861383882317207 6
11.470787941801172 -5.157156533452548 0
-3.0421094952170424 -1.8759637764730226 3
-7.5214070029753985 -3.8738196975116495 1
-8.055780456018248 -1.641233168867059 1
0.8316005836436713 3.449494439711178 4
2.3693803540237743 13.257278447716526 9
0.4619246639467072 -7.932993019960284 5
-1.8017725478130941 -0.8330831275841049 8
-6.1011369021265764 -5.293988579920054 1
8.360585407691755 2.6033168931281994 0
-2.0404193413809333 -6.463187764456655 6
3.827946428115073 6.300591131816069 6
-6.862198731490855 1.9523638994262147 7
-3.282388016280522 0.692782444706176 2
-0.23577764257864944 -3.425356411975585 3
-3.051140966904775 5.264412066234829 4
11.640975070807897 -11.899862341184196 2
2.508071910894439 0.3302791331731966 3
-2.621204954872132 3.855660279578646 9
19.51113974185051 5.68043420452959 0
14.023189731611218 -5.3443470248158125 0
-7.207775799017662 2.039517195597095 4
5.915434131833249 -6.824039059215568 5
14.102356014072564 -4.623220590505932 0
-5.367415526129876 -5.73786979726021 6
0.689084476597293 7.463501887147511 4
-4.7327261869372625 1.0820688086358545 7
-4.0298305070386995 4.108201758977157 4
5.360524267248178 -8.818162227591838 3
-7.682804637754848 -0.9696004827888977 1
-8.692429104527879 0.4870601953296134 9
-3.850165737284699 -4.106419071640073 3
-7.0529851979626805 0.8653335790040876 9
1.8353867147700034 11.125132539698246 9
0.4732987099251791 -3.890624898244018 3
-8.131058750247199 -1.047024156618675 1
-3.049432120297261 -3.950657049705568 8
-5.619806195818317 1.0461546919378082 7
-8.36607749041918 -1.3403519233304695 1
-0.9526458606414107 10.229255541490605 7
2.174893468764657 7.899760354820639 2
-0.8167750484289196 4.141018004133773 8
-6.780751228068159 3.4833384550762956 9
0.8695203213137239 6.037333418061328 9
-4.334927663084029 -3.953755445236039 6
8.037729028746535 -3.961630614477313 2
-4.11101631981921 5.5490034093516005 7
-1.1492949933711984 -1.2064736991453777 2
2.284807152051228 -6.221306488738044 5
13.37759818858943 -11.647253102842834 0
-0.32202965044957116 -1.514186948045977 6
-7.043759947292529 9.061971638599537 7
-1.9371354066887487 2.5459596795819803 3
-4.546554084567466 3.7767884921583907 9
7.81727556971265 8.103984026684767 5
-4.673039417140139 5.556583775572911 9
21.532372277288495 -10.406351690365572 0
-0.17069044938840536 1.3679897941157582 8
1.3524691928073218 -11.602362681392433 5
-1.3702749539368244 3.889309613213018 8
-1.556315107355735 -0.9171062305389727 4
-4.8827419717114635 4.840946569781843 9
11.195446277441294 -3.786131652618758 0
-3.9517612783272056 -4.426266588647228 5
6.390100296435173 -7.486685378988781 3
1.945951741908607 0.79669199259571 2
-5.265550448574569 2.418174976719416 4
4.293371066516722 12.077103331140577 8
-5.492688543577918 3.730127039564109 7
1.4233038183135964 5.5837972880311595 4
-8.140557374882942 -2.2858407831297987 1
-3.569583631538026 0.18786432681347587 5
7.461679903114294 3.004886726976152 4
6.163389440834318 2.3067141588855478 6
2.6832595396177608 -2.7124669865233666 3
-4.241102300988035 4.934189590944446 7
1.4451033013923844 8.040127687161227 7
-0.174328185684611 8.57107031852858 9
-4.360543627290308 -3.2424525635085897 6
0.5275890815996678 -4.539389320124044 6
3.4662252296707767 3.9241173071816724 2
-5.231467126175222 3.7886675168894994 2
-7.865609715721229 -3.2059439596841077 1
-3.6610543040033385 -0.8182552863913704 6
-0.8857957406564385 -10.54639735803636 5
-5.876620643734287 -0.10925849874447678 4
7.1113356969608725 -9.104365298732526 5
-3.0429436114887096 9.511858638458635 3
23.867535234389035 -4.00419673293594 0
-2.6026352841550553 1.5951473197412134 5
8.183300816066035 -0.5585146487077274 5
-4.74143558816427 -0.8151491011966306 2
23.499711641278243 -2.523189869116269 0
