0.23899643127863746 4.9751553078146875 2.1247419311246016 4.226914104726816 1
2.5313874254542896 4.231219108628629 4.844422706525958 3.1837487745083184 1
0.48743248219215773 1.7458771253694472 1.8261286443031866 2.548395287767547 0
4.720897615794794 1.2674853563863837 4.744672940476487 2.704804973516336 0
0.6054643814697758 4.1533835944400215 2.2085594146486938 4.221268735775773 3
3.8391733385040103 1.9588910008541804 0.7980685621261313 3.7231289222790003 3
2.9763481551997173 1.4372088132714622 4.257413138803275 1.7443380827416866 2
2.892319739948407 1.6794799274909866 4.905913898054442 1.3986888007159515 3
2.593538727103701 3.453350236322697 2.479146118230089 1.8973665299736413 2
0.35903651075865906 3.7753609901000806 3.1279399235946697 4.485860791695066 2
1.8486184208231482 1.3142787292509133 0.9694558887958038 0.9279777770753989 0
1.6223746298599022 3.424449724167169 1.8534702407922354 1.4912406159883729 0
4.568327033527536 2.082397980514792 1.2155394190192226 4.710517372275867 0
0.4746820156982001 2.625861623925984 1.2804391710532215 1.1733548194583499 1
0.8610299489297724 1.9521906494960146 3.6859641697946137 1.5886863798824118 1
3.685196467413091 2.100077888542216 1.0187115053291103 4.577721203504091 3
1.8756815054531812 4.681159497615411 4.5874364356244595 0.7002678514234228 3
2.161881211695696 3.6420902335807845 0.8458742062388752 4.196153732040607 3
1.265136881839506 2.6380480983006347 1.4636268191960256 2.7869747629831343 0
0.8297152219387699 4.794745639583226 4.243709875010065 3.59793083591828 2
3.1805584981219805 0.9432714730106279 1.3508856763430033 2.6081967031760422 1
0.888053845022152 0.23197479308147195 2.3110881310537312 4.735517641117838 3
0.1073323982312896 2.422715449211908 1.7824063701435793 0.3586668375714952 0
1.2484332653733903 0.8250739593195999 3.4855029225655727 4.383425726030675 1
3.7800804158043415 0.9157137001227883 1.7110094269136178 3.841570469359468 3
2.386758100534429 0.6260580211227518 0.40429999667603467 2.6730665476147726 2
1.2008203565452518 4.069238315256529 0.1330539911003764 3.3152325143681693 1
4.110985616426981 2.3663147351939395 2.27975417010557 2.9532483298450254 0
2.846077276066412 4.541377700379777 1.8440504825275539 0.8288897643035054 3
0.20036660521310867 0.5333430617254947 0.713253678468056 3.3022953159172843 0
1.7506903010150998 4.176641789361325 2.0596058004506848 2.0705165456842094 2
0.5923647651201297 1.2384376252797225 2.887286416666938 2.544632044253313 0
1.0614512851905278 2.9066557997891613 3.813898637969881 3.132301952361067 0
2.4512275949292124 3.2832953485403804 0.19234848354031275 4.846900288444184 3
2.6395976283982248 0.5183796045562544 0.9977922445507126 1.0322261664297234 3
1.7214272743778443 0.361720029050257 4.135448259686148 3.790602936170634 1
0.7390629244687902 4.661398969637249 2.412327133355628 1.5135651466061901 1
0.028239690768370185 2.1124067234273425 3.918492807445317 4.941804920051977 0
0.39155285937128026 4.509397054323044 3.5420046281983613 0.5635728694470299 0
4.696146173475656 3.271046659117624 2.9603690604129755 1.7163049746867527 3
0.47937057602250477 0.3287637331197968 3.6980489027480394 1.0156462620343358 0
3.4858865576684024 0.11343730593378787 4.837828450756714 1.8007203813414745 1
1.974781909489911 1.9772013939278144 0.222550400186024 0.6378443355885088 0
4.8748610943985655 0.331473930918767 4.844791605680073 1.0665750997878725 3
0.21766764315000853 4.292310365663806 0.9763621432759589 1.3369249025319534 2
0.6134683931675078 2.9758159862442914 2.99098488903266 0.7030828663331196 2
2.94438351484386 1.0086766752745553 4.7229356758380225 1.845872646282204 1
3.5833727630394527 2.040214277030823 4.113056270891125 2.0926841508968623 0
0.5514308931941225 1.6202551863362786 0.33896108522446844 1.1083370339509047 0
1.7986265808483952 1.0679510192218034 2.0453338993051866 0.6799108521990821 2
4.262762516251093 3.082671379878495 3.8097462008710306 1.3851176722020315 3
3.380183108505332 2.662576696597847 0.10774335099586696 2.758194094375108 0
1.5791706790924787 4.962908545361726 4.909364244813632 1.2718847600233907 3
1.313391075992728 1.2738933387933948 2.9691503437564153 3.73670370753894 1
0.23385546268190838 2.859802985281694 2.0922731386999702 4.262257484745164 3
0.44964562462588176 1.4529177670693998 1.137066980412823 4.0939445200577005 2
1.6560920906675696 0.6098591735106934 3.577059999536557 0.41222770194122627 3
1.073674938259845 1.4963177818366247 3.8455510970656306 0.37383352242886136 0
2.3776148492201314 4.3592506301458895 2.8895668381486534 1.1245363334331437 1
2.049547516610991 2.80934462508346 3.1806729786985617 4.051854208811857 3
1.0068081365270403 0.33510024061126575 1.2704620798956516 0.672486668521261 2
0.6912116885015063 4.209659251874427 1.120799533279773 3.4796081387607614 3
4.0091502625916995 3.292207887953169 2.0109849920440674 1.1278839957623936 0
3.200432852421499 2.7723033540930606 4.810302868852598 3.380554128152279 0
4.060102399179992 3.00460803247306 4.297823636760097 4.694168846553556 0
4.468110586070969 3.717186620429799 1.5163050470742307 0.0761949812868884 2
2.2731886497624516 2.6170852346934237 3.8255835319930585 4.824419126215103 3
4.514630005550337 1.9634041867732244 2.556376913438217 4.945902389206318 3
2.2584010335454914 4.979710121122852 2.3590612443991645 1.498840637609879 2
0.4354021800107627 4.028590723743736 4.838242529593456 2.6372347674282643 3
1.2057438600935395 1.587127286460035 4.855847309646445 2.9581157128173525 2
2.4324185042409145 1.0583132934672483 4.914615352672499 3.748763199806666 2
2.0509592037231346 2.502468135985574 3.6097489826254066 2.1912342385243244 2
2.2284999300321755 1.7940495182107146 0.19309735911716142 3.8045722793752628 1
1.3600782220898833 4.56170965868594 3.3757128868777624 1.9810518418119083 1
3.9349050296992 2.999437149925556 0.27127730228958535 3.220615045057455 1
0.6826030301816888 0.23837990730160852 4.444428238480654 1.6694111300858778 1
1.0570701980059993 1.0490843137468557 1.0229231618603114 4.873725140807718 3
0.035343842230950995 0.6173611590779532 1.332811792298333 1.6539911942366552 2
2.202539850967807 4.572023146116079 0.4951945788979706 0.34008072756922636 1
2.661868024057803 3.1475533799312325 0.9504673422524235 0.9965403902005737 3
4.339443332860357 2.287391897229951 2.1368774725785373 3.0944002197079303 1
2.6169917634621784 3.386997650996136 2.4836366261809397 0.10584944349415593 3
4.583472798261793 3.685155557772139 3.980825989616405 1.5219706279416956 0
1.756072227409737 3.140018621699082 4.536636079426724 3.3253663869334336 1
2.7188758987202686 1.0897475469624092 0.08195429934476417 0.9170043930139982 3
0.7633411112866922 0.727355145286398 0.4019058402572234 3.88708718013532 1
3.973997032112775 2.2519746018488003 4.063844171237082 3.081180076531604 3
0.7801513923235681 3.817615321681622 4.005078039361949 4.8804491875346 2
4.618311325688696 2.1733542852292627 2.203238175358723 4.067511790365921 2
4.881614341395306 1.2653357454907543 3.0539068290445224 2.431157935224801 1
2.4077036272252887 3.567509520089733 0.8992066569820623 1.1050657716442531 3
0.2004018608521091 3.6313723684605304 1.1110366902689672 0.4041417523657226 1
4.7708384994136654 3.6510056778123263 1.9268845814768576 2.9641676513479496 1
4.804915192478373 4.892172325818314 1.4731896699902962 2.211170028123648 2
1.683634189070606 2.807125339900794 4.932351461226255 0.12088802567499835 3
2.055091023081585 2.923701643677235 4.714189457301038 2.516116440703487 0
0.46249654617382674 3.345865240657608 4.959717474366764 0.2837988754910509 3
2.031260551945382 3.3370808113276973 1.3393923697150545 2.4936019423575733 0
3.020779421210926 1.7092083270971776 1.3619536192533244 1.8090670661905346 2
