-30.482658177397308 1959 21.449092387215366 1447 
-15.83169769185549 2012 19.484023547937294 1950 
38.54921888426344 1171 -5.673390745551061 1528 
4.896570882511502 1886 -27.558719900443194 2024 
22.51355856545466 2022 -0.8825302541811346 933 
-10.51051683234464 1815 -6.8547526443692695 1943 
1.587246582237696 411 -7.076734232803188 1984 
-27.44889678632161 2011 14.673198113724418 1776 
4.551371117712135 1920 -9.196568113424595 1986 
25.790734159597655 2006 12.816442600839922 2009 
-4.613370174355235 2011 0.7928013903702569 1057 
20.34583643625647 1956 -25.92184025012423 1940 
16.878052301076266 2013 -14.777571899300177 2021 
-19.430190192225027 2003 -21.30258624848732 1962 
4.009120818290414 1983 -9.987714329320083 2012 
18.258977045277586 1995 22.11962418683292 1972 
8.384957881973525 1734 -2.0389692186285746 403 
-27.926039772094605 1985 -1.5692352578027888 1506 
-11.987203657521283 1982 -14.145450575076506 1958 
14.264807966347064 2017 15.495055128470588 2002 
19.670121510338607 2085 -15.138344328081164 2004 
-16.916447651077213 2010 20.85416669929873 1957 
15.827445999698869 2020 12.66022964640442 1994 
5.12979744628601 1888 -28.13920021306072 2015 
-3.8669625476182916 2020 -12.922459317748416 1985 
-11.204611693885441 1500 -1.5730381982428296 482 
19.549293170271778 1996 3.272797105336378 1990 
-27.168860519719907 1999 15.961093145497687 1791 
14.869334626625294 1996 -10.383937397904498 2002 
22.344447526440693 2006 -18.668619186710433 1962 
18.260241666430186 1619 -11.908410137334293 1663 
-31.14450710223496 2011 0.1024814215482785 723 
-16.1053284906788 2024 -21.98304965848661 1966 
12.080022022567425 2047 23.83804337660425 2021 
-16.424388447318595 2009 13.473124682278502 1983 
-16.082209487975877 1964 -1.8874194483026914 698 
-15.382582023333361 2002 -15.687326591085418 1960 
-16.673711252054876 2012 14.507416353389884 1977 
15.820401433969284 992 -2.324663795484501 575 
-16.052605612767174 2023 -19.54721604206243 1958 
2.3313914134238996 1990 -12.94695704016066 2004 
-23.96944486227227 1996 -1.9750171590300294 1519 
16.431771618888572 2008 2.3634874810720863 1078 
14.169374127509789 1998 10.932704242472893 1918 
0.1912601336469286 414 2.6951873733878577 649 
19.6797518632306 1881 11.40498374369385 1928 
3.9453504690102443 2002 4.3151871381813685 1965 
22.210942499584952 1970 -29.080338763801848 1978 
2.1678813858978616 1853 0.03703648290513002 1010 
-22.05845092006826 1992 10.994708459365354 1689 
-6.35435641314639 1962 4.137884665790382 508 
-14.258609830056137 995 23.25251796086516 1956 
35.07182566595744 2034 1.741839839038146 1357 
12.323603066727607 2002 14.917013634536843 1930 
31.0167381061307 2033 4.763030178130891 1991 
-28.217822910284344 1975 -6.476954960585072 1944 
-5.736081995178046 475 22.42348244948268 2021 
18.042288932947177 2022 15.993946056697474 1994 
29.59838480439929 2032 -2.8166015178529875 1556 
2.8082063799277086 1602 -27.348683102683744 2024 
37.03099904717578 2038 -8.059086910040971 1133 
11.570372150022322 1999 15.326699208262495 1938 
-17.86934612127881 1996 -14.570682538877524 1961 
-14.935654192595338 2035 23.503683852778646 1967 
32.4407834579367 1999 14.141824097724363 2019 
18.2037065474251 1979 -27.40625805148359 1992 
-21.21226952350205 2019 -18.332361792158714 1957 
3.910549826932873 2010 -18.642348051385593 2014 
-3.4804058687803408 524 25.697283278980677 615 
-13.98183129893601 2021 13.847329612534661 1963 
-1.2386994520319263 1599 -9.82073934505555 2000 
13.685671292593648 2008 28.226765823433116 1984 
3.787181119638864 1991 -11.836491402983764 2007 
-18.417101305494228 2004 -20.08103819841717 1966 
-2.1695165467531172 1915 2.893403928693618 761 
-15.588858645308669 2021 15.982950962994705 1957 
10.57692162103658 1998 -8.910235873957847 2002 
2.9351508306365734 1744 -23.98570076864293 2015 
5.357279096370148 1972 -22.61979382597625 2048 
12.479875527791997 2010 23.841240252588655 2014 
-8.173330241954744 1988 6.272916050598842 802 
-15.579056402969048 2002 15.339829156625912 1949 
-38.59760858192463 2035 2.537367000970828 1448 
-18.56595580621721 2002 -20.964365646512533 1960 
33.944185403965975 2002 0.9216354123827133 1375 
-26.224655868464716 1996 -2.881553999288181 1485 
17.81187041816013 2008 -14.336457253414427 1997 
18.27228757182432 2021 19.918211061633606 2000 
-8.05416698186378 432 21.752914307992608 2024 
28.311896762735685 2001 14.590226304175081 2001 
-22.34482807873509 2011 -20.816322795286414 1978 
12.968691846348642 2032 28.83211802290273 2016 
27.516316805148197 2020 -3.5069135890564342 1189 
-17.695967503436936 2022 -19.615126287036638 1962 
-25.44737316457894 1976 -4.6775464061686955 1940 
-14.678423291250136 2001 14.934910095347446 1958 
15.79593131742277 2032 2.472528966360682 1074 
-26.924112172737722 1991 -3.9791744730150755 1951 
-1.8257670032545164 1912 2.9551281592321668 752 
4.084711097579081 1987 -22.096894627253928 2014 
8.097733618434633 1928 0.8400241729301509 1326 
27.367609628888996 2018 22.484870167661693 1980 
3.6849033824729927 2013 -10.739573516237133 2016 
20.889560969511567 2014 19.87158073180456 1953 
3.6650867704926675 1996 -7.587870078839823 1964 
1.1033032644599927 1283 -22.916408780683643 2010 
-13.271439303314242 2021 -16.74340459527228 1954 
-27.518997546804094 2032 12.153211091738532 2034 
-3.859558417141167 328 25.855807924500503 657 
-7.322391830466106 1804 -5.0815918512533 436 
28.356196462413042 2032 -7.312460288946703 1950 
-31.1733486746233 1986 18.32032339965744 1411 
2.7807883896199326 1992 -12.15034457218655 1995 
1.3490678289676494 1338 -25.43519055217822 2022 
-9.040779036114849 594 26.50269147108645 740 
26.53113717473833 2014 11.793236410772572 1991 
24.980776085878084 2033 0.809970299319658 374 
-9.664555898024801 1725 -3.9593959069119906 583 
-12.135868417346375 2034 17.102889038031634 1954 
-17.48436197556504 2002 22.40249895197229 1964 
18.14313294227117 2014 -8.712412149287584 2028 
-7.638681478188397 576 26.552454093523846 688 
-9.324798754385899 2042 -22.411899900307116 2030 
13.758167866193505 2029 28.268698518299324 2008 
4.650699735038889 1998 -14.064090873361828 2013 
-23.719055657196883 2007 -1.7011286730687192 1489 
-14.26817209463092 2018 -14.262725021965059 1960 
26.304240852513924 2020 15.908098448096245 1945 
0.4067556729979406 634 -12.500421264109832 2004 
-20.045439001574426 2019 -15.067778140957042 1970 
-2.1754658696230234 1921 1.7057734173159909 552 
23.455493678796316 2020 13.458800601986315 2018 
-0.2951628811207286 1316 -8.296922128286315 1979 
16.56824311225327 2012 9.732965865043267 2002 
12.034704573423088 1996 -13.340526310864387 1967 
-31.820382380910484 2030 13.508038298052611 1966 
-0.704194319210245 610 4.360794667139455 322 
-24.224240611087467 1942 -5.959556871289911 1483 
-14.72787777492716 2018 7.959200311036129 2029 
23.129708263319678 2001 10.686888056107612 2000 
11.89261498793103 1994 7.913346891809787 1898 
9.999688757676715 2001 25.201414291292867 1994 
21.902881658665745 2015 4.7986605824695525 1993 
11.49686552333345 2000 -4.473683800221797 974 
2.118227874995255 1987 3.22208859259379 816 
19.971658286232362 1959 -27.25663061568625 1937 
-31.79480098329738 2008 -4.845331735309371 1959 
-16.00977637443137 2033 -18.867150431797544 1958 
19.92224215396645 2004 6.779189776633073 1994 
-2.870946150360478 1923 7.2791776911945805 1988 
10.63635518601728 2032 -1.1616393423130265 750 
-21.382731479590873 2012 -20.822028347528757 1953 
1.8385223037810288 1244 -14.947329937370938 2012 
14.259271338619232 1997 14.012355107223268 2002 
30.68612335264701 2014 3.6844443467874672 1963 
-21.617956708356044 2001 -19.35599224986779 1954 
-11.354330889824686 674 27.894225779286156 263 
-28.003200572058525 2021 11.924187650857974 2020 
27.50523940806979 2021 -9.086611088385105 1974 
-9.219524639733228 1826 -5.0036029982774535 499 
-2.3081571891092905 1436 -2.0968726617350706 1670 
-11.28185558609102 1503 -1.5193212875034616 482 
22.663196972324073 2005 0.4880649570546579 577 
22.447468184439114 2017 11.782205053727296 1951 
32.57633606553643 2043 -5.638883669077873 1960 
-20.709470638653837 2032 -19.467775693821487 1959 
23.255748516471517 1994 8.756747466742917 2000 
18.900583963706687 2003 17.803714043014274 1994 
12.959763475259061 1733 -0.7050174721972416 364 
-14.769249277185164 2002 14.307393538055566 1956 
23.01208145365691 2050 -1.4707452075130618 1774 
-9.2340878427852 1828 -4.843702762986423 464 
30.63758991390884 2003 3.782925426982684 1970 
16.536489855200546 1964 -25.533916999370984 1962 
3.28105513914966 1990 -14.286859988488548 2024 
19.4855871556389 1956 -26.50468478760754 1950 
22.536351545713757 1774 -3.164309789211262 1525 
6.291725879003866 1972 -22.85354495796832 2034 
-20.171958011541793 2032 16.47929888520213 1966 
-28.431890278731526 1991 15.659195518160777 1778 
-0.7511992627476649 562 -13.886605349175237 2012 
-29.413483733044053 2017 17.365864894079955 1643 
-7.09535934882779 1957 6.374230432586191 390 
19.8344079627062 2006 16.387317163257144 1986 
2.254085357489097 894 -8.65320557156149 1995 
26.929510946368396 2010 21.97426049887869 1954 
-10.647320581476695 2011 -20.134971120552596 1953 
-10.169248796892926 1719 -3.106424372769448 494 
5.082515712049104 1955 4.86238770341589 1966 
-8.159507047580856 1810 -5.003939988491192 428 
-14.735825454788868 2028 -24.585616319973074 1966 
19.085694035965552 1971 -27.320662853212283 1947 
-13.631290780332096 2020 16.99845080606093 1958 
27.81227129342976 2010 21.525210261483377 2011 
28.44975273599358 2003 -1.693565826353478 1530 
15.967622113512146 2001 15.416839159791989 1986 
38.63850689589362 2022 -0.9457094827788209 997 
-28.56465770258902 1990 -0.5882952677341943 693 
14.997941118238643 1994 -13.19435506714173 1959 
-10.192494385673436 1809 -6.959855545300021 1987 
1.4709052267221348 529 -7.927802563504794 1991 
5.841262256130367 1890 -28.632633800839912 2035 
-21.649883127499244 2018 1.1789637482008017 388 
-29.20439303242905 2008 17.049729238370052 1640 
-14.5350605862744 2022 -20.218051136971066 1956 
1.3754835859355896 1518 -26.633825267738978 2012 
-8.778706226253183 398 23.806986541629293 1967 
-31.66605031585062 2020 6.987454111546675 1836 
0.8649843962739847 959 -16.166778860165547 2021 
-7.330894092977349 420 24.406484900962777 2034 
-10.707466179968966 1994 15.649462144681035 1995 
1.458560962444588 1147 -16.02414711733957 2021 
18.583078213385505 892 -1.7749654212077697 745 
-40.49337271525427 2032 5.663961361446729 1846 
37.056009136880554 2012 0.17222554885544203 912 
-26.065654537999567 2012 11.768981024547504 2034 
-9.667597618569625 2000 13.617406181041412 2020 
24.572475279675114 2011 6.382651423836313 2006 
-12.572261917167733 2002 -18.486503722032143 1950 
-18.264397526184197 1911 -2.704700870165546 717 
-6.443483204492855 591 -35.36694819374974 2018 
-17.834954841852497 2030 -24.70474212955532 1956 
32.99482371245261 2085 -5.811520362190716 1951 
20.63118065298213 2020 20.588495415996892 1973 
-23.90038417325573 1978 -4.4194090018606556 1943 
-27.78608942853013 2010 2.1542705352380165 734 
23.054507851103033 2002 -2.518234909001524 1551 
17.711757119830146 2004 8.301875825396463 2004 
11.92415561856557 2008 -13.340971703518662 1961 
-5.025692773411047 596 24.312836005737026 2033 
17.39270412591964 2021 20.741553720944577 1995 
2.2332709237781194 1982 -16.677669280876895 2020 
-11.487879735759345 2003 -14.97237643073093 1956 
-39.010954218128674 2034 8.586839448272443 1874 
-12.716040348887015 2011 18.185876314297342 1967 
-26.527584296066962 2022 10.87196116026717 1969 
-17.18189374440984 2010 0.8640640420091166 336 
26.004516649503508 2031 5.246614070769071 2008 
-13.455919969464311 2008 -18.36713746535888 1963 
-17.166754983588213 2003 -3.990316764173198 755 
-0.9657746086792152 1482 -5.17630049995471 1752 
-11.872778311152118 2007 -23.98283149181317 1990 
-25.226140897763774 2033 12.53273330338918 2047 
22.16969726927797 1998 20.62050030130965 1949 
-7.452588436390055 1964 11.10567411391128 1989 
-27.487394490873555 2003 -2.75356050071317 1380 
-3.0317727355213453 588 25.411404207912735 545 
17.129367143990184 2022 7.971727083499444 1994 
2.2529738047023145 900 -6.156066637050348 935 
-5.237679712721907 403 25.145952695785116 2047 
18.37793632549285 1613 -11.751594722715737 1653 
-1.1119236714085123 1042 -17.053969995514304 2011 
-5.007642363279783 1444 -8.814307881956697 1350 
-41.27861536075694 2032 10.94774515720081 1972 
-7.18531253238849 1968 5.4368075901385335 822 
-28.98337016726349 2002 10.192978124926617 1964 
-3.575271400397834 1269 -24.617178477387018 2020 
25.58092097680223 1998 9.44395617234089 2004 
14.62672370976466 1996 8.108228716607547 1975 
-18.02248819074853 1977 -4.980144262529605 1198 
-10.513535230995922 405 29.101248937137726 276 
-18.8025883051662 2013 -22.620939647139696 1957 
-4.520379257022432 1995 -13.04532740123487 2019 
21.625322993181953 2004 20.948232661446358 1956 
28.825230564039312 2004 -8.184640870585248 1930 
-28.296093666085312 1998 -4.238414906912373 1956 
-11.601712947920047 1970 6.289045142978954 259 
16.754713647655997 2014 6.813946784151239 1983 
12.407729549640916 1999 -4.6748625413376015 984 
2.5399750107379164 1833 -19.374665207581717 2010 
4.774208122722564 1998 -14.828852482673852 1997 
23.313612958642505 1998 7.7102042435861415 1991 
31.24238244154415 2017 5.3880944197382075 1621 
-18.188278775151645 2004 -5.237840716836105 1240 
-4.782452672929977 1221 -24.06333112044103 2021 
25.923841725176754 2012 7.941279485661572 1999 
3.76640656566145 1998 -15.422777909913467 2004 
-40.91766493895481 2010 10.324379002230136 1897 
-15.739335332307371 2004 -11.990227488761244 1946 
-27.307147011465478 1996 14.089196246758242 1787 
18.715497157210123 2015 8.124976163735074 2046 
-30.93946157954622 2032 12.50825979798271 1977 
26.5336156902887 2033 -8.787069784912676 1968 
-7.473761804148717 495 24.938958240609107 2048 
-0.8922017395363591 1521 7.9738916505431545 1976 
17.10084131529919 1997 7.497456397968414 1973 
-15.828841646608561 2028 -15.238119494533096 1963 
-16.603026359818895 1997 -4.620819384691653 1162 
33.373225811065474 2011 1.70267355205111 1293 
24.172871943007355 2004 7.827084057341045 2006 
2.717416359562194 1987 -18.29762546040631 2014 
-25.425366925613787 2021 10.403822824506133 1981 
11.279670362675892 2004 1.4814839796491721 845 
-13.265978814080514 2012 21.214156608811713 1959 
36.95464124461961 2083 -9.426923167287041 1872 
-26.73614178505093 1988 0.07807464080818266 1513 
-10.906873864220518 2031 18.976502220900205 1956 
26.113510039080687 1994 10.035751757855012 2002 
-2.0459649683736436 1904 5.664673836242891 1974 
-17.44393221000211 2008 -24.79654366581224 1966 
-0.6310131177788186 1451 -3.9039817590658905 1790 
19.738093876864742 2033 20.62290938224185 1990 
-20.030541743235563 2045 -18.60821514345273 1964 
-15.15888575045631 2003 20.88760119739995 1958 
20.817015281066734 2048 -2.4428720433799263 828 
17.521429958336704 2012 21.55575831089233 1991 
-4.524929308772374 433 16.563631176798342 2062 
19.32761974315593 1995 19.414126081243605 1979 
-39.81740059875426 2048 6.1758698231894575 1861 
2.313866366297697 1770 -22.04579520806354 2084 
3.329371715223327 1980 -12.675427590272738 2001 
-18.04223578516754 1997 -23.151238292265198 1955 
4.937330667905961 1940 -0.6224465034294625 820 
17.888948718078996 1997 9.39032392086385 1984 
28.250734914019773 2018 1.1439079120676767 478 
4.16641686068224 1962 -24.36148072673077 2002 
-0.3134316715530706 628 7.366449974911405 1962 
-39.63250798493673 2047 9.08372393152747 1879 
-1.299375016087654 1406 -27.855765836700805 2018 
16.99148715952791 2036 14.364080053224882 2031 
-13.236946801748646 2012 15.126688891564973 1966 
-26.021043490952962 2004 10.356651349456884 1980 
26.65402604307341 2021 -4.227031580338845 1940 
-18.379385588700753 2015 -25.88008125126497 1954 
15.647257143843733 1996 0.08067233101369925 419 
-39.7094337602268 2004 7.781273078448115 1873 
-12.715107580426459 2021 16.89442763816233 1947 
-32.819214449956505 1996 13.476139444787416 1963 
-15.773973984153814 2012 3.9990177571665475 1874 
26.793093456520413 2012 9.086977490963953 2061 
-5.82941748451808 1974 3.5724835182508907 531 
-17.381863681361864 2012 -21.573044947791306 1970 
-12.52261821163702 1958 6.459716617569585 2008 
4.034940398459021 1914 6.859225139417938 1874 
27.36343428467462 2021 -2.1080612952925413 1168 
-15.920168262901257 1979 -3.3906873235180246 728 
21.127522066674608 2002 4.453624717333792 1993 
19.17197076922415 2011 22.803942999202707 1962 
24.149104079270217 1996 4.920691016033528 1995 
-39.472195636574405 2011 10.46763743132095 1897 
13.152860684873879 2017 3.3891603965369677 1876 
-29.928028279540317 2042 10.603071251127053 1993 
18.583842256374368 2016 3.723781050055801 1842 
-26.941551864951943 2002 0.3904349948792115 921 
25.674076193529146 2032 -3.0184787917751046 1734 
4.754530876993847 1963 -24.765081739124593 2012 
10.620800771300122 1944 11.22138140812147 1868 
-40.1777747359211 2021 9.946465069028855 1898 
-22.535725690539827 1984 -2.573093885152738 1514 
21.03322288716709 2020 23.160620371430547 1954 
24.240700791357597 2034 -0.31953079297785275 402 
5.042905051884292 1909 -25.579831894778174 2021 
-7.8962108625596406 1956 7.541808362747341 338 
17.21263928679295 2002 19.16328856973539 1985 
20.846496910375762 2003 2.2203417132983634 1924 
3.4141927322606658 1722 -25.485984338525434 2033 
-1.2506710271167047 423 1.6224408870735938 559 
5.377835763254308 1969 -23.714290022037545 2012 
2.9701040156856666 1493 -8.212140823744258 1979 
-14.205678509862189 2008 20.156700462260243 1962 
-8.146301598816954 694 -34.26715650904488 2045 
-27.491945792619013 2018 14.162779690365163 1787 
23.258863426759714 1995 2.0926014565892475 1872 
22.349783559129143 2002 9.124572533507237 2011 
19.713361016550717 1989 6.001916991835497 1988 
-39.55995741643803 2034 7.1249431344703265 1868 
4.32804273151957 1990 -12.495523802658173 2014 
-18.43366323795588 2030 -24.153785125271355 1960 
-2.00753338039569 1458 -5.724129055988918 1792 
25.120566483171363 2003 7.627112946751063 2024 
6.398442309041716 1994 -12.080998570079059 2020 
22.987591206458085 2020 22.301149804827443 1958 
20.62475035479997 2011 3.4904331365365233 1950 
24.230557436551862 2011 8.998074751730899 2001 
25.042657854236662 2030 -1.7439661950644945 1500 
-39.33782258770155 2006 10.022263705052634 1900 
1.3947558274159177 1831 0.6564880262723494 579 
19.747709992936933 1997 23.26703834004659 1958 
-9.4449962554533 1962 -32.712488769414904 2004 
22.797312202135423 1995 9.429746156684088 1989 
31.95055795190896 2011 -4.740072191552891 1945 
-38.65951050956491 2023 8.222621245063472 1870 
0.9143157257212093 615 -9.644606955825065 2034 
19.480965777142565 1866 13.373690460643914 2003 
16.751606304714795 1010 -2.924387160508396 767 
-38.34560381424539 2020 12.096752511902851 1962 
-0.156559084755624 444 8.424148396218401 1973 
17.717019330731414 2034 22.842735272892877 1992 
-8.470214159351876 2000 -14.705517196378349 1953 
17.622063694637593 2016 12.232848976167414 2031 
-4.023993438691853 1830 -19.506020445832522 1961 
-39.973420679333834 2020 12.026648365552802 1963 
15.628481682501407 2030 -13.32624639225621 2012 
-29.590538020432177 1996 -1.7679499646918004 1440 
3.40747078439835 1490 -6.523253423424069 1953 
-19.1846923386797 2012 -22.953533165359534 1977 
-9.394394411064372 1982 1.0535805900677684 641 
2.823539174749441 1602 -26.447459254555728 2010 
2.8108107675198686 1478 -9.977727766489883 2014 
-16.299556631319042 2017 21.65677245543114 1964 
-8.24462371827759 743 -34.47566047222531 2061 
-18.47093469793219 1997 -18.423952766727226 1962 
26.109900478833364 1997 6.99991392843738 2014 
-17.71157397645817 2008 -3.4302789449896274 719 
-3.2682784801941014 1922 6.416724880819207 1977 
-29.68953560888868 2042 10.474767193341693 1966 
2.7121728767351994 1499 -6.952799069390718 1964 
-17.64556449825709 1995 -3.5991709072644027 726 
3.842812079123216 1996 -13.53030878547671 2000 
17.306197516303484 2022 14.718352446049508 2012 
-8.281334306465332 1975 -31.507943637248182 2008 
17.820309220105884 2020 21.2288682852164 1982 
17.145110437715655 1986 4.183743878309748 1960 
24.97071014931081 2033 9.931632075971356 1991 
9.919789544436059 1945 1.6455326611190193 842 
-31.821000205214133 2019 -0.7964933324149422 680 
5.474341704638476 1983 -21.341436868654053 2064 
16.779970501730162 1957 -24.576195646124884 1945 
16.422774133420805 1966 -23.76717759007316 1984 
18.014232729378165 2011 14.028164663227615 1985 
11.455178806908027 2011 11.133476362594939 1893 
-20.177512932216665 2004 -21.39760453057337 1971 
15.836273067812481 2002 1.8257180098663237 915 
16.822843967736617 2001 13.829439550811479 1997 
30.078104560346453 2081 -11.962146955315957 1973 
-31.557857473719217 2003 6.9537121373866215 1831 
38.43033116770666 2062 1.3832832822995969 951 
-15.780150931414285 2011 21.720799474156937 1962 
24.294311248936246 2022 -2.7240651230862802 1569 
-7.721025360189761 556 25.102995760371787 2000 
-13.00601991628982 2001 -14.157687068221328 1959 
-17.900141586517403 2032 -21.92624736106694 1966 
-9.830307440632671 1963 -32.765802103844806 2000 
-24.828357205087666 2022 9.50673857143383 2050 
28.401628122719366 2014 -9.244405950862042 1969 
-8.538762853939321 531 26.064638836431836 1975 
13.994223281176863 2003 3.634583799317168 1868 
-16.12425104631133 1984 -4.338078863301421 1179 
27.27762617746938 2021 -1.1802181315085698 1560 
-29.809758643064384 2009 0.3743577085890525 641 
-4.816403904108491 456 23.259590173957115 582 
16.63426998385033 2012 8.709126812733142 1986 
22.44313940827641 1994 4.539455755842538 1996 
3.912043497819997 1735 -26.069904043044968 2014 
11.051350800194289 1913 -13.098682221654624 1968 
-28.048091115265652 1996 -3.281254322426266 1462 
27.453515994502787 2010 2.289792279077765 1695 
2.1999125438020046 1584 -26.172392556925832 2024 
-33.81337035166391 2030 13.504364151086827 1978 
-18.482486476416668 2004 -21.87946929576652 1962 
1.3618968905017013 955 -13.91201892004425 1996 
-1.739318688253033 317 -17.24076938160583 2019 
-4.412493333514351 386 16.63209938593238 2008 
-12.688780504931096 734 27.467087460588274 218 
4.6218986329932505 1983 -11.25988400078808 2012 
4.04419744809209 1960 -23.418909341849762 2021 
-2.839317624515533 1449 -4.073250074357807 1784 
-35.161079125850556 2023 7.972033353857681 1962 
-7.924245169323328 395 22.246707803056655 1962 
8.488739533734869 2045 5.957225881098474 1862 
24.712040791762558 2030 -4.642516455421775 1618 
27.499307937641948 2010 10.800499573891031 2023 
-9.693854896127744 509 24.523218059806414 643 
17.36940702107025 1956 -24.577449231580587 1950 
-4.589764019155116 459 26.06106864430597 601 
-23.22589554760535 2000 -20.68573939354812 1971 
3.762364393828356 2012 -19.792866415782708 2034 
12.773010415258524 2010 26.459236719024084 2063 
38.22236665410048 1105 -5.705494864940356 1499 
23.932777785979273 1974 -29.252941457046393 1979 
4.020866022311366 1525 -5.9074076475161705 808 
15.731494243888836 2064 16.270176940936807 2011 
-1.5026124092213484 1593 -14.582249939882418 2011 
-19.034326114005868 2019 24.851973680608424 1962 
22.40945007557511 1965 -29.722927983152847 1986 
3.6188242497198977 1620 -28.727211055778817 2024 
-9.227921860535913 1827 -6.995427720626306 1990 
-36.204653005226 2024 7.3653826069645065 1891 
14.519384506194378 2010 -0.4911077018918138 286 
-4.082789216361964 1962 8.763079556301637 2021 
6.6905962409280875 1955 5.809335353200489 1878 
27.447731515703502 1998 15.589190478771016 2008 
20.470760442985544 2012 5.953470157350879 1986 
8.26683073602559 2032 22.96928066961729 2030 
3.0286008776051028 1004 -10.830677150109928 2022 
-25.121609998750536 2020 1.6472747697860433 737 
17.577077532648506 2021 -12.831621220631366 2033 
8.331775379980657 2010 25.61915445498384 1998 
-9.678465413098477 1976 -19.720194388982538 1947 
-11.46855729913727 677 27.98686989776736 288 
-5.114102946602618 1981 5.0920952392718695 930 
2.548326866090561 1523 -33.493826287036086 2010 
6.479697410590168 1954 -24.704464700496285 2020 
-36.450991590060156 2032 8.937054362644673 1962 
-5.054429399875777 535 20.98952342258663 377 
-4.277219186116638 1852 12.689355315661444 520 
-17.271396149880403 2011 6.628420075265722 1322 
8.447551127723377 2020 22.449992776075465 2015 
-18.659834862523056 2020 -17.102420175918088 1956 
-32.04256675055267 2014 -5.943231293945129 1969 
27.650504504466557 2032 -10.23849961839524 1983 
7.459547738134895 2044 26.067208200433548 2024 
1.5201388893608079 1854 -0.0531832333776797 974 
-26.204085852059375 2021 1.0792525934297452 722 
-3.9945165668900238 1834 11.548508771816282 505 
20.84142439814197 2009 21.758324568718695 1958 
6.918666766250045 1982 -2.010485346346262 345 
4.389171188867795 1894 -28.52761796375979 2002 
4.689860157022832 1879 -29.487668057136357 2034 
-33.027276883987646 1851 23.397223860511208 1454 
2.3194216329119843 1810 -20.60295661532643 1998 
7.690785998157519 2029 25.95464639674063 2014 
6.844671371426831 1955 6.162270752598954 1876 
19.082676908742425 1969 -26.763771200512338 1946 
-5.429443760402896 1961 -0.8142647861482802 1608 
-36.46795060360374 2034 9.812610015738011 1906 
1.739408089296111 766 8.199405266610173 1988 
-24.093042855251007 2012 0.06974531212909216 1125 
12.80133111341188 2013 -4.915760589038135 2021 
-18.301116997932237 2031 23.32448235334709 1961 
25.401611351800536 2014 -0.7415671112919843 1432 
14.44482830943295 2017 26.531162148116174 2018 
34.25002945183726 2024 2.9624219840490587 396 
17.196487409173795 1974 -24.935656280273683 1957 
-8.855704480627967 517 21.51640276587054 1963 
11.556697428544092 2032 24.08448218826546 2010 
-5.633366959290233 357 24.473285536624648 2046 
-19.42610953473212 980 -8.584605458212534 888 
10.000722331097553 2027 -6.4414551148084 856 
10.179359708388953 2006 18.427452748954043 1984 
15.26129004443622 2000 -7.690619798734825 2020 
23.143308336742713 1961 -26.156646333334105 1978 
4.196896465956518 2008 3.0176863786799712 1970 
2.7091961535175475 1528 -33.617585637923696 2023 
-9.880809319689524 1990 -25.75195284927101 1995 
3.6458737529352025 1515 -32.28626300101649 2001 
-11.627496637887312 2005 -22.700539602931492 1996 
20.17629393471178 1967 -28.140629564365387 1948 
2.95786143439929 1808 -20.760652031284785 2012 
-27.39706060077551 1992 -7.186211370982869 1947 
0.3893369977750542 520 -1.606775640404435 753 
26.634885338904624 2005 13.761986253178181 2003 
-15.345278837231662 2010 13.623149292211735 1969 
-17.291768880732057 2014 -0.26925598438282455 703 
-4.123115276900178 1819 12.145690619695227 467 
-25.354912492251735 2023 -1.5427601675009741 1499 
-8.292365877743972 1974 -31.143284936757617 2040 
-15.921653619492567 2047 -17.54883124866678 1952 
-36.16865561291105 2048 6.306137869083939 1874 
-30.74950615466874 1962 20.84957832473068 1449 
24.873733426716903 2011 -0.97009594252899 1436 
-34.74492187908834 1999 8.715067110379728 1963 
-2.6614798171930296 1906 -12.708404417457464 2036 
3.65023783597463 1580 -27.74625788416203 2034 
-7.070742264889713 1967 11.46634745923266 2006 
-35.080325075051896 2007 7.884614450796289 1956 
0.2864961305874728 601 -11.773130270644316 2000 
-31.798649881804778 1967 20.58852804918829 1409 
8.37742075634404 2002 -8.27986835059598 2002 
-21.821351779635435 2018 1.400314005698857 225 
12.432788171047248 2005 8.389030984357344 1934 
-30.318340574201613 2007 20.18786014611261 1455 
21.82235825880738 2010 -12.356011809699345 2007 
-34.549477403592306 2023 9.817411048934277 1966 
25.92827395315122 2003 4.289325414886077 2033 
-22.616495145983393 2014 -18.345862639032767 1971 
22.19140158214516 2012 0.8224517467801448 666 
11.632942927212564 2024 25.413726512634017 2023 
14.924886367437617 1975 -9.250036831662067 1936 
26.084617510724136 2001 14.814814442711254 2020 
18.209507926336446 2010 -8.771719109796548 2016 
-29.34775838582215 2004 -3.643432909540474 1966 
1.4955900847453831 920 -12.364441438666562 2022 
5.043120029113283 1894 -26.732690279224798 2007 
-0.7017726311355806 1470 -1.1326822531805976 680 
-28.237225952698775 1986 -0.22805337945965837 806 
22.07816135281281 2002 -6.092618580620541 1691 
-18.83344619334155 2012 24.103461459145212 1962 
-12.628448629913711 2000 -12.415326701134374 1978 
22.04306592305931 1970 -28.68511874177032 1980 
23.4871684720851 2010 -0.4612883100775709 924 
-32.635294786095216 1961 21.680023463353578 1392 
-9.65879111918108 2003 13.595456050614155 1984 
9.444162974493745 1998 21.601219659703887 2002 
-10.288570164413759 2003 -22.44029257504442 2008 
29.329825191430846 2008 13.793945674029048 2000 
12.510782301182624 2033 19.271668157739303 1982 
2.7297111070010946 1571 -32.07161715283244 2018 
0.22118825476072002 1166 -19.028473743926693 2014 
15.153469625023272 2003 16.736884240081796 1998 
18.8059583588132 2001 4.217862321280715 1830 
-36.49691682566559 2044 13.260235977204001 1958 
-9.804539872706174 1957 -25.83819955361414 1998 
3.2202826228880075 1543 -30.480452775037058 2022 
-8.682854658511811 1951 5.128362681951832 540 
10.4133510598992 2011 24.82742654618823 2060 
-5.061026076413552 561 21.490043841378352 627 
-22.999550303822062 2016 -15.181221983202308 1970 
-19.741025029945 2063 -24.291523438291826 1954 
11.82315250916127 2014 24.88569277887125 2012 
17.4116746623175 2005 5.512878354293411 1966 
10.279708927537078 2012 20.019323484564804 2006 
-6.708287766398203 1968 6.155449887297805 788 
-21.32520144883447 1996 20.283611971009496 1962 
4.686572733266202 1991 -16.149701146283434 2004 
22.744867953627388 1953 -26.445288003860266 1965 
19.761928282011876 2046 -15.22342885709888 1997 
-23.00181866528294 2022 -14.581076540098708 1952 
25.958701718803184 2033 -4.880910444281518 1786 
6.132714872932805 1891 -27.73077521282729 2035 
25.031073281060603 2062 -5.809235121507138 1964 
7.961076532308532 1919 -28.60737690733333 2033 
-10.435224990801343 2012 17.588862918006395 1974 
5.1935685643657425 2008 18.195996194899323 2028 
20.686416899052013 1963 -26.870354606117267 1939 
24.92582587666421 1968 -28.04829430436229 1959 
28.932098317461097 2029 -5.009164969015866 1363 
11.843589328705916 2023 26.844532789539617 2020 
3.8284574773356517 1905 -8.931587901599329 1984 
-36.16708384268202 2014 8.282853055381683 1888 
-6.790020444202492 1973 11.701304868555281 2019 
15.629958915762657 2008 13.89825357684564 2033 
-4.870051220955207 1846 15.178327677847745 2030 
-23.663339368453435 2020 -15.332152481660467 1968 
15.926439408284132 1997 -6.354921687958561 1676 
-16.145656017384454 2012 4.316709329268248 1906 
29.45087742317828 2013 19.00662769810371 2061 
24.15890201879892 1960 -27.97704942006571 1965 
2.363822315614238 1832 3.7708659454999087 1964 
-33.17349832110816 1887 23.74744405729602 1479 
-9.768423621992074 1952 -13.749271423506965 1959 
9.378427861423537 2008 21.32967001350678 2022 
37.60344449133426 2062 3.3083515603405402 786 
-20.853837540844637 2021 19.891391494185864 1963 
14.024592939180723 1995 7.44691597846164 1930 
-13.433605928166939 1917 -6.502058309201212 912 
15.403895993489897 1862 9.472551951562068 1874 
2.2185747859703584 1481 -31.120132930575483 2048 
2.9636757055782903 1466 -9.269966310123328 2016 
-16.907818416738973 2020 19.878257691119174 1950 
39.03454575300535 2035 0.08247139340638134 1038 
10.014665624454809 1994 18.237647480279936 1941 
-37.686517097904435 2024 7.820787527024396 1862 
-30.615157595314457 1962 21.997954572008222 1451 
6.0044995035651585 2008 -18.989771814513944 2030 
4.966957666646194 1993 17.925789916020147 2028 
-2.7513653451320614 1245 -20.256299434825934 2013 
23.340944841130145 1976 -27.23488903196076 1990 
3.7103563326071156 2002 -17.696840660740403 2012 
-26.151125901369593 2019 -17.16959798975532 1966 
10.18277415776574 1997 -8.395851377076418 1995 
12.070943697475458 2047 25.968685379502606 2020 
-16.76317102179945 2014 5.336126415174964 2033 
-17.25933518079828 2030 0.35418467291511935 1054 
34.71916108596873 2022 3.273199318214228 327 
27.732133084847366 1994 14.916756175595461 2010 
-16.156060061995245 2064 14.280884854592749 1968 
-32.86755129442728 1956 21.526609586193423 1403 
7.80204930487187 1963 -3.0534870355418304 788 
-32.73805182800325 1963 22.18706646535398 1412 
-10.696519143604643 1999 -14.04734374862425 1946 
-15.164958623968564 1748 -8.445534201453992 1442 
-11.659425999184949 2020 15.768115467302467 1955 
29.98869614477229 2011 13.90395154584619 2032 
12.00436811884312 2000 -4.551624268638515 934 
-24.641988811086474 2063 -15.233947365089104 1971 
-20.443014425321884 893 -11.280178601831846 1989 
-18.988759268234272 953 -8.453312031457543 935 
-8.615195814429 1997 15.089810165452734 1993 
-17.828602727046405 2022 20.66355751402372 1974 
-2.906771977129355 481 23.136979685755612 686 
6.509587333764604 1908 -26.6047279268662 2024 
-18.698069769444903 2012 -14.732554192253545 1984 
-39.274184582297764 2025 11.113999189859895 1955 
-1.4087412618514359 1588 -14.744012010515489 2022 
-24.936070884504296 2033 11.271173631348043 2064 
2.638475141061318 1983 -15.185998410850328 2005 
32.395201093615164 1996 18.113191293753093 1992 
1.9390851505506912 924 -11.520062120300132 2013 
-18.67903686947978 1997 6.870583367336894 1992 
25.186591220793886 1989 11.183442017168254 2034 
-22.075505117718933 1997 -22.619983567942754 1961 
27.849002666217785 1996 -4.1944275419061325 1173 
15.749118307322645 2021 23.87428104591769 2012 
-38.67375342649806 2108 2.524648920031128 1506 
-28.187618249818822 1987 -1.2052435942909998 1473 
20.777057695682146 1683 -3.780511095631061 885 
29.48303804920349 1991 8.142899367148473 2003 
12.210978243288395 2028 -8.335916710334313 2007 
-18.601937134235552 2033 20.866379849110434 1965 
-9.436005886267475 2020 10.200294476193005 1970 
6.212110667177351 1919 -26.002022026398162 2004 
28.61641350782449 2011 -2.645700502037819 1487 
-10.130483356996846 1854 -8.419364006973439 1995 
2.8585034584248388 1885 1.689555957663411 802 
-25.79813372498038 2014 9.654224991233463 1974 
-2.691818672869659 1253 -21.63636553792518 2021 
31.88206026236902 2021 18.53083857456371 2024 
2.185233449259605 1643 -23.334458667520376 2025 
-20.163312362677743 1737 7.619593537018473 1968 
24.83009550447486 1994 11.115091034864701 2001 
-21.484157390962352 2045 -23.0651783106613 1956 
-10.861662485665557 2045 18.989450593845685 1959 
19.316092128799138 2008 23.8229931311189 1980 
-41.385202587059396 2032 13.66557844213618 1975 
-30.528723944226872 2000 -0.5625084185576078 772 
29.597255227852248 2045 -9.446496878464067 1977 
18.67067869200509 1872 12.570943564394174 2003 
3.021343017169407 1982 2.262122861558773 753 
-17.704344992919303 2016 24.1752844705489 1956 
1.95879279190503 682 -10.586976965722561 1997 
5.606665183474397 1877 -29.609605982021893 2020 
-22.88796581196515 2023 18.265608035895948 1964 
-36.73312538181573 2062 13.0839176966965 1972 
-5.344037495094929 2030 -16.002796542975474 2001 
-26.737467034464046 2012 9.699735897846287 1959 
-21.51941775342023 895 -11.477403831859029 1972 
30.63368972822319 2013 16.061092762046542 2022 
22.504798873278226 2018 -5.995871576229956 1723 
-13.761083629506143 1194 3.666622251261042 240 
0.8139111527777683 498 -6.056379386274265 1617 
-24.322424306455655 2016 -20.679815993994954 1962 
1.0208914512467004 653 6.6894959205878095 2006 
13.999109020974739 2044 24.914054697359262 2021 
35.36488141133304 2045 0.6511078859115257 1120 
-30.44775132656685 2001 -1.057020300793347 648 
2.896971308473375 1988 3.1142274558033476 1971 
29.053306007267746 2002 8.964905182036517 2001 
13.238476512507445 2012 8.490775026228171 1998 
32.342166606879196 2031 18.571687823227244 2012 
15.752772193430971 1999 -1.1151593791663086 378 
-26.251641807142047 2012 9.147697378625198 1982 
-8.630322883268132 1956 -32.60103631970163 2004 
-13.189849332260483 673 27.296471679616857 193 
5.64534867736978 2002 3.394154354594525 1980 
-24.364877881801764 2020 -19.824362664874467 1966 
1.64622458432879 629 3.3006023361995247 484 
-25.143814741331944 2016 -16.78401561320247 1961 
4.676646293609012 1989 -8.200707883437724 1971 
-23.64962070382281 2020 -19.19979081321178 1965 
0.5313712818961014 418 0.8678941820611189 530 
29.6462026221893 1994 8.468772594612382 2008 
31.432540177004615 2027 14.3851706505293 2012 
-20.703218125834226 2032 24.315081096804736 1958 
19.41018834297856 2012 0.4766465848579207 892 
-21.80014943622867 2007 23.769701687576937 1958 
5.488954924076372 1612 -5.899189008767405 1594 
2.879522338820904 1572 -28.89475625361806 2022 
-2.6251838103204834 1915 3.905376399775307 794 
31.18188304324502 2020 19.73802640746705 2024 
20.523346222861193 1812 -0.7205209857732691 326 
-18.89893994500449 2010 3.7331660929515817 946 
-3.115981528858445 1904 6.408903345390037 1993 
14.26156057111826 2011 23.62029363052402 2012 
17.00607957401755 1997 4.27145948043965 1969 
19.681372248586307 1873 14.424868918585199 1995 
5.645793939343536 1950 9.258038634292244 1852 
-19.427389898744128 2065 3.8442697042892626 951 
5.570939537865752 1942 7.033125992466864 1872 
-24.274561863817183 2006 -17.780993493488232 1970 
0.5349783001675202 546 6.119871344991753 1965 
-29.17534276704683 1990 -4.405298620740849 1954 
-11.299586068955008 2012 -22.491694817118134 2008 
31.25212604193214 2007 8.54435079504403 2062 
30.110599658927374 2032 -11.82315557531122 1966 
0.5561027754072131 1250 -24.023198973720245 2018 
4.356682396196382 1940 6.468200128954738 1976 
-23.186202428173974 2021 9.19798641105263 2034 
-13.03881392512187 2012 6.682266766324727 2010 
24.500956708051916 1976 -29.00207862350648 1969 
-10.305864065304817 409 29.55019527521534 280 
-20.16198386244343 2009 4.745112014775253 800 
33.06226458555154 1994 10.30059842714138 1836 
21.838858869204238 2021 19.80217803300929 1954 
-38.66085117416846 2033 6.461459805123787 1870 
-14.628559338786442 2002 -4.161662481386239 742 
-15.30905512683703 1922 12.337416261588437 1940 
-27.655897022779374 1993 -4.856806334955291 1950 
14.716140734567492 2004 4.043188954324156 1855 
1.703511673332883 1555 -27.18715103631878 2003 
1.8540150167884073 936 -9.41908198560016 1999 
-20.48176469869566 2032 24.364265441528445 1969 
23.92028848338 2001 4.301159785478356 1987 
0.6198393913532727 1474 -26.64990846058214 2034 
-2.7402086154632244 1446 -5.516407788178668 1776 
-26.60848653934802 2064 -18.334999535696237 1963 
20.95866594997064 2047 -2.082183479743361 751 
-18.36960050154483 2031 24.790266677227514 1968 
9.385343839107772 1978 1.6611241303988513 821 
-23.632184495987875 1996 9.24558061406786 2023 
-10.014805673717076 470 22.176933646479245 844 
-28.768572303244422 2013 -2.9969575006320848 1450 
9.941280088560083 2018 -7.016898859999865 833 
29.99528247592065 2002 9.3779680523489 1993 
-28.446092660811864 2064 -17.722180787195565 1970 
14.253836051970008 2036 21.01221518963457 2011 
-3.244699039293668 1442 -4.117530773831541 1788 
28.221686408345505 2020 12.130677563512464 2021 
33.838372584947734 2004 1.9482173060085788 1231 
-20.008799059090535 2008 4.929670401835912 1157 
24.109537751321334 2034 1.8341717605746122 1846 
-9.64566878824804 1879 -9.472468417195586 1989 
-14.51475223941599 2019 -19.603114035570275 1954 
14.187948098794283 2032 21.07751421387965 2033 
30.832993398633086 2043 -9.467200052199367 1963 
-18.150043127296343 1992 6.372032411205002 1285 
24.11275917189704 2022 0.9571688153666773 385 
-9.363245172487503 1864 -8.862662853701542 1981 
2.3747192066184653 653 -2.8556320232800867 688 
1.797929283390411 1603 -24.11512194182741 2014 
-11.99712006517595 2001 -20.4245791595753 1967 
-25.2515937269945 2033 8.560247261696063 1992 
23.565169636945196 2021 -3.7201925077535667 1692 
-10.49642006322625 1766 -7.692810903069683 1985 
-8.360670945184685 713 -33.07968450626254 2032 
-17.208485933014654 2011 7.235698048524679 2021 
-16.88436114230164 2035 -18.438431194122263 1958 
-26.970174746573893 1987 -1.5743448621938154 1498 
-11.595598728015846 1996 16.497650053645494 1964 
21.739266022982857 2019 22.311462809925988 1953 
24.96832151611027 2033 -7.010941557303598 1577 
4.23333196028203 1862 -31.816544883794204 2021 
13.977896693392552 1996 10.197753117646643 1973 
-27.725805210128556 1987 -3.6495329208672453 1947 
20.13698302957524 2034 -2.3555977259734022 824 
-20.218571919506694 2030 21.362576437162183 1960 
37.01920628021833 2082 -9.860561205777616 1873 
17.421541712331845 2012 13.173334797178418 1838 
37.114894555343994 2024 -7.956238837117709 1136 
-23.77323262168664 2019 -16.388104941075994 1972 
-4.998939900251069 1429 -8.782309745475825 1348 
-30.109526441342734 2005 -4.959938199357096 1958 
-5.969767623824019 1996 -1.057752214004573 1656 
1.301108370258423 1594 -24.544053714152543 2011 
23.706210081132294 1990 6.7173946739456705 1994 
0.3845665023544287 1402 -25.444453415653932 2011 
-9.5564528996338 1994 10.41870747769213 1995 
-19.55249544578504 2012 5.849562946935655 1982 
2.725053475652076 1991 -13.63239246914771 2013 
16.744917997423094 2036 22.763802833626034 2002 
-4.494129582220991 1971 3.536314533332107 450 
-25.362348533830918 2017 -19.611757229476137 1961 
29.632693787040427 2030 -6.796887135073741 1597 
-25.977551483301987 2001 7.410899730967469 1999 
-18.64768564819557 2011 17.081825581593357 1964 
-20.05692507931613 2010 6.13761150523492 1982 
-10.476390313614118 1999 8.686654993418461 1976 
30.216669282944427 1999 16.394883063398453 2026 
34.1631661575536 2064 -7.925836790440524 1949 
-19.682082762723454 2047 19.85025902824447 1956 
-16.776924745075032 2033 -22.79545356991349 1958 
30.807614908485455 1995 18.274842063025332 2008 
-17.005997578672087 1998 -16.95444972269844 1959 
16.520633366881324 2045 21.953929123202272 2011 
27.43622643793358 2021 -6.537415375607443 1950 
31.19109409726094 1994 17.350173785377574 2021 
-1.1579103982562238 871 -0.022677593242559985 544 
-27.700220786584854 2011 9.224877796835681 1983 
-3.84968839594649 1460 -4.09735422554513 1817 
-21.266533055420012 2032 23.09256963830916 1962 
-15.511707697565633 2021 19.808036549651803 1958 
-24.52930286378501 1996 8.29346828230766 2048 
11.487380585188847 1990 -8.830929837525614 1981 
-9.15306988303984 1871 -8.875388258029092 1986 
13.289984919915744 1998 9.569698622665886 1924 
-28.784615807730127 2012 -2.238828859747259 1364 
14.899221822870034 1998 -10.098148076668465 2018 
-26.402344249544075 2036 8.397734972309507 1976 
16.417211374353485 2020 -6.2839831464156175 1725 
-20.75472709291619 2012 18.452591253193045 1951 
2.3829970089960004 903 -4.873851668010423 795 
2.684213764030069 1607 -25.447705522886125 2025 
-3.619087844234715 494 23.060211369087185 550 
-37.31265545738156 2002 5.924264347984274 1600 
-4.600450755882698 1956 5.582440588160681 2007 
0.27439658225399943 194 10.802768001941713 1981 
2.5501734198044232 1796 1.707182848650432 622 
28.90943832957694 2021 1.1350708697416896 346 
0.18008953482862683 473 -1.439842978782132 773 
17.870461003396382 1962 -23.600139688092682 1954 
19.029118803216324 2024 21.309740387136888 1976 
-19.45118652653225 2011 -20.30788265739491 1962 
32.29078631805012 2046 -6.904484708486241 1977 
26.21947754829469 2008 22.26281204568332 1967 
0.9155221374634804 1220 -18.81491198610133 2012 
-30.394182975445453 1981 -2.695269074714905 1452 
10.560546331795281 1932 -9.88346429651521 1900 
32.82963311607807 1992 10.590481510446718 1868 
15.707224437886719 2010 7.018157226727353 1942 
-23.02190489724828 2046 22.396673097480793 1968 
-3.6798496749952605 1977 2.3757419817029457 514 
3.4611127813266704 1637 -26.668756935996512 2010 
-7.262477777213133 1953 -14.153980242860047 2005 
-29.697764029096138 2006 18.473425260668307 1636 
19.143010720300385 2030 9.801540770343584 1918 
-4.744543856570917 1861 13.66213058636823 2031 
32.85441207263439 2023 20.171339158956062 2033 
28.609999533045862 2012 15.962628528059938 2004 
15.489427054244883 2014 0.2669577909035872 1056 
17.442493712178997 1958 -25.796472708488558 1958 
17.57043184598076 1995 4.7610213781510815 1977 
-22.430097391515428 2012 -19.35475752623226 1966 
-13.05794755894385 2020 18.481318090671113 1962 
-23.233580887046653 2012 21.884747234709035 1978 
37.32859174686957 2062 1.3573459702756057 695 
4.030994542851966 1880 -30.108871728883127 2021 
30.674556250766855 2032 -3.8067412091891906 1228 
-37.46441537435313 2036 10.305059671556624 1964 
38.46873802905895 2014 0.03528393371044703 1006 
-30.473239367870605 2012 13.13004857252005 2000 
-7.8735109253605655 561 18.956546162779485 1964 
11.384671682208483 2010 26.484972255188445 2021 
-14.615930243326986 1424 2.2609147874114712 385 
-32.26365768251374 1991 -1.860350847315013 706 
29.32608180587804 2001 -1.7495989052603007 1522 
18.423816810625336 1959 -25.066107939031564 1953 
-7.726531793991215 1992 8.853025265183835 1940 
-40.79604635389071 2032 13.030358227266609 1970 
10.016720983703472 1890 -20.60254210545255 2032 
2.287849887726676 1602 -27.925690561792923 2004 
0.7255091226438237 838 -15.205892912993708 2010 
18.394957731975342 1971 -28.40006820177274 1988 
-8.442732946877802 1994 -14.571329313691049 1956 
-30.300202455349005 2007 -4.075837959504867 1952 
-0.20577991971194357 1487 9.639074271525093 1961 
-29.244864682481385 1988 -5.608970713478787 1943 
32.34362945767171 2009 -6.938696069409826 1989 
-19.325526790554836 2003 19.436883560853964 1951 
22.16486414011865 1999 21.704826024314617 1957 
32.520628853321526 1988 10.898180664476552 1868 
30.4229186485247 2011 10.197135482216318 2008 
-35.94315823964345 2034 10.730677003093893 1986 
26.07065020376171 2082 -6.223281485963774 1693 
23.46389507902024 2016 -18.521570023934824 2015 
17.382179002615732 2033 -7.220411882994507 1868 
15.497446168608782 1981 -25.346209045256344 1998 
18.3988364595138 2016 -0.335449319124611 304 
29.156640425090988 2021 14.27470239863391 2006 
-3.056490132943006 364 -20.140929775331468 2015 
-3.8234368511164525 1204 -24.90564675909973 2021 
27.520062599297304 2010 -5.822264046927089 1645 
0.8959320293602361 1567 -28.920547029614767 2025 
18.239256868186846 2060 26.74042890863662 1986 
-22.673493466963862 2011 -13.289612703853528 1997 
-19.433251410218897 2026 -26.001509442908574 1956 
23.663379734408906 1988 9.883344626327368 2002 
-26.11849051058561 1998 -5.76624582653356 1965 
17.925576062040633 1953 -24.209036698193636 1950 
10.012721663856775 1886 -20.615862684508127 2032 
-18.240879491156555 2031 18.751206841493975 1959 
13.505255927366367 2023 -0.5823991217481947 368 
2.5212604018049216 1586 -29.776791235987577 2023 
-12.441510507790655 2022 14.460726946030857 1981 
-31.347105370905563 1972 22.5477317691958 1418 
19.838795804116717 1994 21.939635695798103 1989 
-21.799314636552445 2013 -16.477989998378586 1951 
-15.960215686668983 2031 7.204566569304738 2016 
-21.55077280540895 1997 18.188305637468222 1955 
-13.955035999798659 1508 -16.314865381325603 1749 
5.7400176873623385 1883 -30.87632620121071 2001 
-13.573158082742273 1381 2.856442663204533 704 
0.8291083603304085 1488 -27.977395845725763 2023 
36.197110557071696 2032 3.482799870977571 766 
-29.23537263350983 1997 -1.127714767735142 278 
-17.918902057440675 2012 -0.16293231437165878 682 
-21.791129572303603 2011 20.77298473368682 1956 
17.593021983721236 2008 -14.45892600375054 1989 
28.76762818302799 2008 15.921433198664383 2034 
18.232590221221997 2006 1.2045415623082338 937 
22.154146769579462 2012 24.00989841944064 1972 
-6.726912922228252 1968 7.3802294346488555 1982 
23.010310232690035 2020 -18.59051592276517 2031 
5.316188864364692 1935 8.522966922668855 1861 
-22.127824683059934 2011 -16.51177732005055 1962 
5.269975849299581 1906 1.5654845604408358 373 
-31.49420508380549 2030 14.263951955625764 2045 
4.510326028284161 1929 5.848091476908333 1979 
-28.012674892971965 2034 -17.630733243901236 1970 
4.385014131658979 1998 -7.583094013033977 1954 
-21.494254710349868 2006 18.697704832941277 1957 
18.126779176261493 2010 6.003426347349943 1977 
15.076337389071831 2001 25.100018973221996 2010 
0.13685720538563212 553 -10.211041003545466 2036 
4.163010672805662 1950 16.852814891988185 2043 
-3.794003928324011 511 24.357558114535554 530 
18.502914548443545 1964 -26.078676694388662 1958 
-10.466078559656191 1969 -25.581061700572345 1985 
27.808538522667597 1997 13.805881044763872 1995 
29.47918396200657 2008 -0.5336026060526737 1428 
-35.28854674730547 2023 10.581965531636492 1963 
31.48114265557469 2034 -7.836400756119488 1951 
33.43363160960753 2020 17.868878822715534 2021 
-6.249187881251526 1987 2.7017803076300284 1192 
1.4750618075203328 1489 -28.744047464976877 2048 
37.69908750600279 2023 0.22074172144619886 887 
29.16974562887025 2018 21.093167821064995 2032 
-13.427567433905493 2001 -15.13908368726781 1957 
-21.771413217923705 2024 19.85971770230756 1955 
-6.823444428518153 1962 4.596418067459204 586 
-27.563534796005335 2020 -17.567688926640553 1977 
